QED,MW,logP,SA
0.29420941640606346,453.5860000000001,5.556700000000005,2.9573615709859045
0.07013306709958057,670.4859999999999,2.28648,6.08501314909192
0.3953342235764441,480.83600000000035,3.193900000000001,3.9082471932405554
0.7909537999922712,358.5500000000001,3.382290000000002,5.326430394529429
0.4419003360345939,459.9090000000002,4.034900000000003,3.265111869192218
0.405773101861541,377.82400000000007,2.6195000000000004,2.8050448740790443
0.7435384046950057,396.2890000000001,4.240200000000003,3.6475862109616974
0.6991124483045268,335.4150000000001,3.0912000000000006,2.748966620792027
0.6241287751078142,267.284,2.8053000000000026,2.255782192152571
0.4515848924374321,469.52300000000014,1.6252,5.403522964650913
0.4574465478545405,455.5580000000001,4.742500000000003,3.1385811514054858
0.15779125396300567,349.4100000000001,2.812400000000001,4.212210522129625
0.10200174476412008,400.5310000000001,1.237170000000002,4.933386872740737
0.4020327365044033,505.62500000000017,3.536620000000002,5.695106518324071
0.09629613106274268,499.5240000000002,1.4214400000000007,4.37488051974786
0.48283971006078485,394.5150000000001,4.007900000000003,3.9949283361553727
0.6142439346808073,282.41200000000003,4.680220000000003,3.1870577052057616
0.8239288283707863,234.262,2.938370000000001,3.90136898187
0.3393159648994737,290.3630000000001,1.4084,4.970808553479678
0.7445327576781146,391.89900000000017,2.0554999999999994,4.557550370461128
0.4348502241835215,353.4220000000001,2.985400000000001,1.8981513356175057
0.6072232971658296,465.6130000000002,4.630900000000003,6.072340035778043
0.7060034026918064,432.5200000000001,4.812500000000004,4.319018446792809
0.28495975472071194,399.42700000000013,0.7374899999999993,4.633820513909393
0.39487645817390965,503.40200000000027,3.3767000000000014,5.099436500181723
0.31711884696891984,380.4950000000001,2.408100000000001,4.495083343200053
0.3266704589659037,450.35600000000017,0.12470000000000087,3.481912657418917
0.646135249334676,393.8700000000001,5.219120000000004,2.0026004440709464
0.47501385222543685,479.8710000000002,2.3815,3.0392445956939778
0.8736417460622719,350.46200000000016,4.0557000000000025,2.622958271658046
0.5232789859658612,448.65700000000015,1.8152900000000023,5.884069220555377
0.583680594432396,380.5080000000001,4.639530000000004,3.9725607394484337
0.5775643740064337,335.29600000000005,5.822700000000004,2.7617170481289772
0.5519360076524865,478.61200000000025,5.721380000000005,3.9339699149468927
0.36822836028626293,475.3670000000001,1.4034900000000012,6.4259933464562025
0.3369842601143352,476.5330000000003,1.8213999999999997,3.496702060565677
0.11589847947843955,494.9760000000002,1.6297000000000008,3.807847460799083
0.911888958367293,275.348,1.7009,3.629233023411765
0.36696855228193787,391.48800000000006,3.3576900000000025,3.168863648141995
0.8822480781677152,280.37100000000004,4.098100000000003,1.61640714400537
0.44933507993204336,522.6310000000001,2.6736000000000013,5.206176991225712
0.06055711036084104,482.48200000000026,1.5926899999999997,4.620539991732807
0.5410125887978962,456.4170000000002,5.122200000000005,3.8251129283679113
0.5910201124610069,452.7890000000002,5.6931100000000034,3.486814009252724
0.32766292639874667,444.92200000000014,5.052000000000004,3.855568535399663
0.3103678061767543,558.769,7.9084000000000065,4.243685423916955
0.2266348792330455,329.4000000000001,2.0601,3.370121208123199
0.3495396438104762,337.78200000000004,2.4069700000000003,4.871715145581781
0.3908077922966709,543.5760000000005,3.573380000000001,4.621540736131765
0.6744544480089024,336.45900000000006,4.190490000000003,2.900372390022797
0.24414556070282792,395.8370000000001,3.6007000000000025,3.5217040994898428
0.5157578416040346,407.4740000000002,2.6596,4.915653877618053
0.6066474965628683,506.67200000000037,4.219800000000003,6.256127770903059
0.421139985637884,414.4810000000002,2.9932000000000016,4.916797270980425
0.2704793152516243,265.33399999999995,2.6778200000000005,3.771981266142043
0.3526423296807487,465.5500000000003,3.849900000000003,3.083386261244473
0.27424152427768567,517.5860000000002,4.971500000000003,4.1874535461868145
0.31515694553665036,458.5390000000002,4.939720000000005,5.059005327446775
0.8517971979671134,392.9520000000001,3.746000000000002,4.609857473980605
0.221164012360204,536.6800000000001,1.7624999999999995,4.415720457879592
0.45227889887634287,479.5600000000002,1.720900000000001,4.089118663764458
0.5028916306174899,352.8250000000001,3.0321700000000016,4.203636028735396
0.47746728285739914,379.953,4.303520000000003,3.095244014571625
0.5021055339172694,398.5350000000002,2.7163900000000005,3.3311165052316323
0.3180747795778718,411.5860000000001,4.945580000000005,4.0959380417097755
0.3994642802206067,334.38600000000014,3.3061700000000016,3.766481956596662
0.410693295642061,545.7480000000003,5.3363100000000045,6.690821900517514
0.43560407463370254,552.6170000000001,1.6882000000000001,7.076602381972578
0.5224647604979111,445.9010000000002,4.099920000000003,3.3684972635308412
0.4856849915508119,339.3950000000001,1.6033199999999994,4.1073983915409915
0.43248028354547774,410.8650000000001,2.8734,3.883118304283042
0.5456923063464806,463.6220000000001,4.715000000000004,2.95683721647481
0.6310408785840068,288.32700000000006,0.8312899999999999,3.1949783550837987
0.12946447756178475,544.3860000000001,5.149300000000003,6.0662549227014235
0.11968442362895433,544.6480000000003,5.812800000000007,4.209479057820119
0.8360378918105651,342.4650000000001,1.1566200000000002,2.4907683444024045
0.6964617080748735,313.416,4.8060000000000045,2.178338648088996
0.337706547647131,437.37100000000027,4.831300000000004,3.7265510703174956
0.5803461211316022,489.6600000000003,4.1940000000000035,5.47617207744935
0.25487168498489976,509.09000000000026,5.6440200000000065,3.2584203547644037
0.27784112286464946,327.392,2.17127,4.2011812202796115
0.4742922146816503,339.41400000000004,3.361500000000002,4.2117516697333635
0.7821266712218886,305.4249999999999,4.198180000000003,2.864276424557543
0.37045742961041644,452.4860000000002,0.797900000000001,6.193663695672091
0.7252249687430085,401.5340000000002,3.215090000000002,4.226369775347378
0.22348667167254563,369.4900000000002,3.6737000000000024,2.682842412540584
0.44740074203420666,502.6150000000003,5.077980000000005,4.251951796384568
0.3073960102276004,318.35200000000015,1.1953,4.988488061146468
0.2560336392360767,550.6560000000002,3.3481000000000014,3.993027821001819
0.7299048267185915,233.35899999999998,3.3027000000000015,5.010108402893676
0.8478891345106371,325.74600000000004,3.546400000000001,2.2407672033406048
0.26406624950192226,380.46600000000007,2.4068200000000006,3.8078940988445584
0.3879183395366439,663.1920000000001,4.826900000000004,5.536207056188252
0.6264604635650878,432.4590000000001,3.3562200000000013,3.781229635372524
0.12505304308197626,566.7720000000002,5.458900000000005,5.399424267381418
0.17793269819688626,528.3720000000002,5.1651900000000035,4.772807709542013
0.6665683233475796,291.73400000000004,4.058520000000002,2.7153880481386903
0.8540371932950219,353.50900000000007,2.894400000000001,2.7705331795672397
0.7060604097372224,313.31300000000005,0.8331999999999997,3.9192868675618318
0.7561848785735044,373.41600000000005,2.574980000000001,6.339955060026466
0.6687783442195719,471.9660000000003,3.7608000000000024,3.2053212799256077
0.5732857069577562,350.4220000000001,2.6241900000000005,2.9847355108572025
0.2949832894615541,526.6030000000004,5.623470000000005,4.3962432200317245
0.5369075786710507,423.95500000000015,4.969800000000005,3.057494915517508
0.7965228331415651,314.408,1.0856000000000001,3.639018173013815
0.8447246659907639,332.3590000000001,2.802200000000001,4.443352094359911
0.30021215529801804,452.87500000000017,4.100600000000002,3.69842820459567
0.7358551277071712,366.4640000000001,2.5463000000000005,2.1714886019234285
0.26032539096868607,618.9310000000003,7.299820000000005,3.32050187030079
0.7235046764112054,386.4960000000001,4.4939000000000044,4.601241279552038
0.4277759308214049,535.5300000000005,5.643680000000005,3.7697050308627063
0.799236187970447,381.52000000000015,3.8362200000000026,1.932333455593838
0.7681764557151103,354.3890000000001,3.4513700000000016,5.829588673117021
0.7812784848404881,295.719,1.6221999999999999,1.9700769644534546
0.4416388484038673,356.4220000000002,3.797600000000002,3.3799978772402675
0.5060765411792727,408.4580000000002,0.8261199999999991,3.3671188469654165
0.23787229423041809,485.42600000000016,3.8400000000000016,2.9728407503874443
0.8005556332283437,393.3140000000001,3.754500000000002,2.940262720232891
0.6488040389104635,438.7050000000001,4.641200000000002,3.254895246686994
0.8877584282100479,339.483,2.706500000000001,5.429425988033804
0.7179501757542588,358.482,3.7626000000000017,4.41790949104249
0.21907432688074316,518.4920000000003,4.791000000000004,4.814388340232533
0.926286570408634,318.225,3.5465000000000027,3.1284425469882553
0.544143569297075,491.59600000000023,3.2542,4.6096984447241285
0.8521719277848563,268.364,2.2894000000000005,3.616393204142783
0.36228773476330495,441.5380000000001,-2.268899999999997,4.229566340430498
0.5275133198789851,331.4160000000001,2.8080800000000012,3.767613286194381
0.745840915807124,383.8830000000001,2.5724,4.13281984194819
0.45416255607847117,306.362,1.5242999999999998,2.845825385081344
0.1272220646977347,410.50000000000017,0.09770000000000045,5.506759233060084
0.8566048656430831,248.065,1.8077999999999999,1.6297711957269936
0.5320525977870012,439.90600000000023,5.099000000000004,4.511196972455672
0.7631330538857993,292.316,0.7481000000000002,2.896537054132697
0.6176368252670179,317.385,2.3679200000000007,2.4277241625745116
0.37972544458891305,428.59600000000034,5.293300000000005,4.72647292836791
0.7194700445490636,330.36500000000007,1.3811,2.0634013114353724
0.6264406042861392,379.4640000000001,2.1252000000000004,2.379430044662664
0.8736354538063426,375.41500000000013,3.8282700000000025,5.12664813848258
0.04253521424087205,595.6340000000002,3.304170000000002,3.6378216703078827
0.44432786368999766,304.358,-0.2252999999999986,5.7555309954138085
0.6338123625008021,341.7540000000001,3.396900000000002,2.6695237542162626
0.7019700245511904,279.339,3.5542000000000016,2.8919608352721244
0.548613580155905,465.5980000000004,3.3724000000000025,3.321103227430866
0.7870589694779423,321.4240000000001,2.854680000000001,3.5072364238995206
0.5023645996296063,383.40700000000004,3.581100000000002,2.7971853718026516
0.8082188188186258,361.33900000000006,2.2207,2.217778326477646
0.4434825298253499,435.3730000000003,1.7130999999999996,3.817203400616405
0.40520224606681776,416.4590000000001,1.0669,5.085052558294311
0.5771746405456171,451.51700000000005,5.498200000000002,2.264177333718701
0.5919483445692848,267.36899999999997,2.2334,4.731702282861569
0.597557284994591,436.4370000000001,5.112300000000003,3.4607204346170715
0.17181330243307336,458.50000000000017,2.1136699999999995,3.291971595464217
0.31390979269784436,236.27499999999998,0.2684000000000003,4.771335898802023
0.36390234921551246,464.0090000000001,5.946400000000005,2.9976917769043148
0.7278241913894878,284.8059999999999,4.624500000000005,3.7160440262781957
0.6584611826567066,296.37,2.923400000000001,2.3315043668021413
0.4575584884777851,330.40900000000005,3.4086000000000016,3.957273613123961
0.7214394406658466,314.278,5.020400000000003,2.1041748956482955
0.573149525426879,475.6300000000003,3.5512000000000024,4.1536115080224345
0.10103064733080848,368.4190000000001,-0.6865099999999993,5.934778687766505
0.7440537853958944,390.3690000000001,3.635720000000001,4.054927116230336
0.49662320836198576,515.6140000000003,2.9354000000000013,3.8300441660113105
0.7862731549465196,335.8160000000001,3.4056000000000015,3.0144196351023886
0.27219192123661684,434.54000000000025,4.605000000000003,4.483685160709838
0.34524506391458526,510.6140000000003,3.1142800000000017,3.311573388320122
0.4975536098645717,470.4820000000002,1.1229,4.568289167894739
0.2889471205880154,435.9370000000001,2.3315699999999993,3.009403007825166
0.7828801596768273,345.39400000000006,1.9285899999999998,4.992652756627026
0.27563488109642914,582.7750000000001,8.08757000000001,7.357743880927826
0.6258707989850055,225.248,0.0006999999999998674,3.4636232245893686
0.8768652936168783,348.422,3.3461900000000018,3.7400703982208583
0.7841580711121511,266.728,2.9087000000000014,2.142081272145761
0.6512115881412113,356.444,2.3733000000000004,5.083533258094376
0.6503572978834573,388.5330000000002,2.7192000000000007,4.428179278089539
0.4448168707050768,335.41100000000006,2.9839,2.557465845557539
0.71011399318088,439.35700000000026,4.928500000000004,2.9494656643207833
0.8165631411531775,377.45100000000025,0.8609799999999999,2.937032601290401
0.579240030717001,431.5110000000003,2.6664900000000005,4.401423196302223
0.7124951855411906,448.5710000000003,1.8828,4.52843874424073
0.7889398292598038,353.43700000000007,4.610520000000005,3.3915967539635012
0.5574928219339476,402.55500000000006,0.8898999999999999,3.774531739447381
0.15916018766880738,525.7780000000004,4.6784000000000034,5.5193626522746175
0.4793611800234308,424.85800000000006,3.839520000000002,4.561149189021782
0.6169621251178035,189.24,-0.7796199999999993,3.582703766942581
0.34234168557228634,360.46100000000007,3.509150000000001,2.7312945853198034
0.5606016729560174,433.346,4.762300000000004,2.039106781018841
0.3233009323353752,503.6290000000003,1.0797500000000027,6.167837924641761
0.6720537230770357,261.324,4.849320000000004,1.7076010626665354
0.19242377442128208,475.57100000000014,2.0517699999999994,3.402659407680998
0.2445490192151251,457.53800000000035,3.6406000000000027,3.6022419066502405
0.6891889835808999,236.727,1.5171999999999999,4.4496569112905
0.31869203134046414,490.62600000000015,2.8381000000000007,3.823205473754202
0.32033638142500775,401.4660000000001,5.183900000000004,3.303029470403973
0.9110187394813744,337.41900000000015,3.2537000000000025,3.115986435019251
0.9109562373835957,306.31600000000003,2.1853,4.25406927031508
0.6800347339960102,445.48900000000026,4.337100000000003,4.955973194744549
0.3601010000015111,588.7050000000004,4.668780000000004,6.841904080815226
0.7708950646127809,400.56800000000004,3.6438900000000025,3.8642352648727947
0.4697182449242138,385.34100000000007,4.769100000000004,3.6245413848127903
0.63365929301068,336.838,3.693900000000003,2.7762048617312303
0.13005599064005222,594.1150000000001,5.6025700000000045,5.23380750745681
0.8823459809154136,343.474,4.316200000000003,5.470856085067404
0.41679459649593414,362.4370000000001,2.4984,4.091369492297838
0.38360578463091216,453.4950000000002,2.9368000000000007,3.3903361758708286
0.7439191825755948,442.56600000000014,4.441200000000004,4.714153230978505
0.7583573728958886,361.43700000000007,3.2932900000000016,4.403342191891349
0.2037698293398321,414.55800000000016,2.5577000000000005,4.391675455305901
0.17430184105524965,424.5240000000001,2.91279,3.9326406906056732
0.5955810464118202,461.6100000000001,2.3365800000000005,5.985662232223123
0.6492847238077237,284.306,3.8043000000000013,3.2322471683765883
0.8168157997483632,382.46000000000004,2.857380000000001,4.016536010830481
0.5358738017565272,413.47700000000015,4.0538000000000025,3.3981867685180376
0.6914810415508404,333.35100000000006,2.6727,3.7373334279574646
0.40883274137783693,449.5980000000002,3.8999000000000033,4.074422630023259
0.4595224524970298,420.4480000000001,3.392680000000002,4.250454472833166
0.13513402492492338,541.9800000000002,5.572520000000004,3.6127505649896055
0.49374372977826425,398.43800000000016,3.2971000000000004,2.895088190751995
0.8191456185650482,258.366,3.297990000000002,2.5679334733291945
0.5892939768733508,385.4670000000001,0.4987000000000002,4.065601914909674
0.44633347506057347,497.45700000000016,5.089690000000005,4.932860016479426
0.721386276779703,329.4000000000001,2.1363999999999996,4.737914852032529
0.5665813289270519,249.30999999999992,2.9025000000000007,2.5312995888878422
0.37774365687218736,497.6390000000001,5.540290000000006,4.371826374231537
0.18090331982397093,480.5380000000002,5.524700000000005,3.5471139089431736
0.39016306376591775,388.46700000000004,6.723500000000005,4.590920365175484
0.6657629015337595,346.42099999999994,4.295900000000004,3.896249017436835
0.04901453619700982,591.6380000000001,3.447090000000001,4.93494327560037
0.39585324687370965,360.55100000000016,2.5524899999999997,3.8480409065063137
0.8582424338632209,308.33700000000005,2.830380000000001,2.3469772817630137
0.6308203335726476,257.2899999999999,-0.4692999999999989,4.183598038418868
0.45287886887208306,333.48,3.0696200000000005,3.84017126552848
0.454862233541849,398.5310000000001,5.6696200000000045,2.217517668773972
0.43966159486577155,366.46800000000013,1.72777,2.7211016091751112
0.3446129125901304,569.1240000000003,1.4139000000000015,4.544709740723691
0.6484907701405607,418.0250000000001,4.336500000000003,3.32588264707035
0.5058578938218296,389.49000000000007,3.6873000000000022,4.130197246913257
0.7694433637835439,197.253,1.6862,1.9095777516840418
0.5151005728407863,216.30599999999998,0.09550000000000047,4.65535498571818
0.1507264098047983,494.6360000000001,3.902300000000003,3.3577709791992296
0.8172913778176921,322.36400000000003,2.18098,2.6291590661810442
0.27276246046060193,409.5140000000001,6.322600000000004,2.415903764803879
0.9227778134844313,320.40800000000013,3.5050000000000026,2.9874560307063778
0.48635114223376796,269.308,0.8778700000000002,2.0136847514353935
0.6223043537231944,461.97500000000014,3.5465000000000018,3.3230528985934527
0.6194800721050248,360.39500000000004,1.2845,3.5695611262865325
0.1680430640180504,537.0380000000002,2.354400000000001,6.331395808837111
0.1816366239994629,384.4810000000001,2.73207,4.44993895178572
0.460098630683621,372.42100000000016,1.9223000000000001,3.5537105772226365
0.48163490211693416,445.9620000000002,6.115200000000006,2.85698274686402
0.3455695484970047,403.50100000000026,-0.18047999999999814,3.3072583267510574
0.3757718928749793,358.44200000000006,1.3415999999999995,4.101479421705525
0.33768476701349376,313.4250000000001,1.92668,5.925912574505207
0.42086851751539966,373.44800000000015,3.24859,4.709604267436882
0.6624100143015086,193.26499999999996,2.634900000000001,1.708736739538292
0.6047799215324979,413.5260000000001,2.0539,4.892170347796436
0.379345905491298,462.57200000000006,2.344099999999999,3.764985931094844
0.7555105758366287,381.4510000000001,3.7142000000000026,3.6236861299968295
0.46235193023586424,498.3020000000002,1.7030999999999998,2.690221961838022
0.4574717556544346,433.5120000000003,3.388270000000002,3.8243204027770066
0.5756960983680142,467.54600000000033,4.312090000000003,4.399591200985583
0.2101732272384235,490.6520000000002,3.2197200000000006,3.003439914110471
0.3909644239103044,488.7600000000004,6.860400000000007,7.828389714075996
0.6327494715988878,261.369,2.1936,2.648156328139901
0.30680245782327986,337.35699999999997,0.69452,4.202696675113146
0.33546006161138814,461.99400000000037,2.5423999999999998,3.0890398754987896
0.5005932602882112,307.30600000000004,1.21778,3.520435523266178
0.38278081650624834,275.376,2.0507,3.670159520087794
0.6947941031342661,409.9140000000001,4.230100000000003,3.129990577222637
0.27922225348783397,555.6540000000002,-0.07889999999999664,6.858873336214638
0.6013302084055365,355.80000000000007,5.276300000000003,3.7570251184764025
0.3031141093506068,621.691,2.4953000000000003,4.801716341558441
0.6406042275273838,346.25,4.508190000000002,2.5253532773628002
0.5715549528229096,374.48500000000007,1.5027,3.3760218529883224
0.15105702903456267,345.74600000000004,4.333700000000003,4.359050864190688
0.628063315835582,383.4380000000002,5.941000000000005,3.609797006114566
0.33239624650606503,427.6770000000003,5.270700000000005,3.175945236060217
0.14250249240173848,554.7510000000003,7.188200000000008,4.174387448529615
0.623988225011208,517.0330000000002,4.002000000000003,4.803783963525274
0.4809214848779878,440.38100000000014,6.075900000000005,2.3630229292780456
0.10917001521070721,469.47399999999993,5.362970000000004,3.5271696865343776
0.4954952397432101,429.40100000000007,5.490800000000005,2.4978961794205574
0.5680448100212101,420.5780000000002,4.219500000000003,6.384360391266652
0.4039393200931708,355.4620000000001,2.2352999999999996,4.096161688306271
0.4986212303757672,571.711,5.025580000000005,4.435734849777015
0.8032149334113342,247.338,3.1942000000000013,2.860383727680503
0.6893626726607214,338.44700000000006,2.1001,4.263560957085795
0.5052363156748897,442.51900000000023,4.3609000000000036,3.48613834708671
0.23475807204109675,580.5280000000002,4.796790000000003,3.7183267906869846
0.23863845780381784,464.47500000000025,1.52508,5.277201836343442
0.7922568339634231,297.3800000000001,0.36408,3.7485751849921147
0.3645746457960099,538.0280000000002,2.878190000000001,4.501375320564875
0.6229732830948302,416.2460000000001,5.362700000000004,2.0959188466817853
0.09674930320591361,493.67300000000034,5.844500000000005,4.016899030862707
0.5485734086425842,223.251,2.8849100000000014,2.250403787492047
0.698347809260315,416.56900000000013,3.768500000000003,3.4111208255219303
0.7077048488895528,339.86700000000013,1.6901199999999994,2.0793180946521552
0.7272760136488793,205.34499999999997,3.849440000000003,2.2972804264962257
0.21567353865723124,582.7010000000002,6.976820000000006,3.353153657202107
0.7520524054174559,303.402,2.508800000000001,5.387929037329796
0.4250928224823916,365.81700000000006,0.35786999999999974,5.617099396711759
0.6076473131381344,219.244,0.7042,3.8280025203447874
0.6480312018501942,297.40200000000004,3.060500000000001,3.9898564761830384
0.28573936241410897,294.311,-0.13820000000000032,2.666950530471283
0.2920874340060754,441.54400000000015,3.4292000000000025,4.641138494787473
0.44510987403399427,490.3290000000001,3.188180000000001,5.263409416803279
0.5749898349828091,362.4370000000002,2.9071000000000007,6.264517488823323
0.6304802810362894,409.53000000000014,2.3964999999999996,2.3094566792543674
0.11751522534369035,519.6020000000003,4.107900000000002,4.523370970415405
0.350397638167893,296.33000000000004,2.2211,3.698452824642378
0.24134355444026367,530.6940000000003,5.800800000000005,3.597291538418096
0.7622217863087204,311.43300000000016,3.8499200000000027,2.697473182847542
0.5015775011608954,446.9100000000002,3.7437000000000022,4.272853762584868
0.28018613040423024,541.8910000000002,6.791820000000005,4.810587881044254
0.4890800533799816,403.53000000000014,4.505100000000002,3.6045200374679247
0.5295629535891411,329.396,2.2983000000000002,3.6841251116823264
0.4197819295571825,367.357,1.4978999999999998,4.859005628361124
0.3226080477946968,496.72100000000023,4.161400000000004,3.7654862366158603
0.6949501976304232,449.5170000000001,3.8096000000000023,4.094118653465423
0.46893274663683127,377.4630000000002,5.066280000000004,4.033247538658944
0.27517477082326863,508.05500000000035,5.693300000000006,5.561369422696192
0.6403101013082239,464.5870000000001,4.153000000000002,4.2642699755646145
0.6655900178174414,455.5100000000002,4.125220000000003,5.131287450304011
0.8436183903373796,282.322,2.5248999999999997,3.7999862014087737
0.4576150630273449,321.41700000000003,2.5794000000000006,2.541269842903903
0.39268821408958515,420.9040000000002,3.902000000000003,3.4294466922085336
0.7113620234441426,412.7110000000001,4.203100000000004,3.9543193590722723
0.4838588956984867,511.8250000000002,4.781680000000003,5.342932409618612
0.12780582916911662,631.8990000000001,3.5500000000000016,6.572305036866425
0.4359120189199978,363.433,1.7306000000000001,3.0080852586944307
0.7241348283092699,234.328,-0.10219999999999985,4.891054693120838
0.8259183086113503,328.343,3.3097800000000017,2.863883291671719
0.6235059278872918,361.5360000000001,3.3004700000000016,6.15121676861908
0.2596195919569488,429.52000000000015,4.8510000000000035,2.8485455394499457
0.6486772007491908,375.44000000000005,4.064400000000003,2.2189265772226374
0.4096717454318387,373.23199999999997,1.2782999999999998,3.6123545516062583
0.19064823687729684,441.58000000000027,1.3282000000000003,3.841403479700084
0.3761965822734309,258.3229999999999,3.881400000000003,4.271123818181823
0.3736194419690496,325.3240000000002,2.1746,3.4575572383791586
0.616513374479592,432.45900000000023,3.078380000000001,4.8448237714631155
0.21821664909659516,485.3420000000001,3.40477,2.5296209449817066
0.35679036973478623,364.3710000000002,3.5258800000000026,3.6399525663867376
0.8283997985824859,364.23600000000005,3.086900000000001,5.226471912861703
0.17558673594638297,304.346,0.1692000000000018,4.217459678726463
0.6365943295967498,460.55600000000027,1.2682000000000013,4.438661657865083
0.7234009372971617,276.38300000000004,4.620000000000004,1.9614242655934593
0.5871170034700809,305.773,2.1859699999999997,3.8779304522444242
0.7150467923596651,395.52500000000015,2.804400000000001,4.202088648141995
0.3697970178104732,27.025999999999996,0.13978,4.025844842026315
0.8804711141991075,342.4180000000001,3.6469000000000023,3.0337050823304885
0.5613499884361306,419.28700000000003,6.036400000000004,2.5016247044259767
0.7609219957779447,256.371,1.7016999999999998,2.746204769816771
0.60553318188328,406.33400000000006,5.280000000000004,2.0182727327069045
0.5675612524235081,338.297,1.1140999999999996,3.563295720178308
0.71776913737643,347.506,4.627100000000003,2.6073790279252
0.8264598668054972,362.8170000000002,2.6132,2.733891972904704
0.9196963816062512,327.31000000000006,2.2025999999999994,5.226663619658879
0.6758020785962296,244.39999999999998,2.4317,4.604523997920413
0.9310907343044884,338.4070000000001,3.217600000000002,1.7176423847540931
0.4171958139583948,353.4070000000001,2.38312,3.232357411691268
0.4658752334553271,392.425,4.121400000000004,3.701101035786923
0.5447915877369739,495.9710000000002,2.8771000000000004,4.5266798592591275
0.7412618621376402,464.46900000000016,2.750400000000001,4.997510191979599
0.7594385483797851,242.32199999999995,3.4513000000000025,2.9170817721457603
0.6494551003914233,445.6100000000001,3.7001000000000026,2.775315744086887
0.31456879872633137,315.308,3.0608000000000013,3.717936975771037
0.39278018917604235,414.42100000000016,1.4419799999999998,4.676155650978886
0.32960783046847986,527.923,5.397200000000004,4.480426935397277
0.4876846455531025,264.35,3.1008000000000013,3.692775733684222
0.49309678682721264,325.3450000000001,-0.4583299999999979,3.8772421227393465
0.6890995497740309,386.43300000000005,1.6766999999999999,3.765610677122737
0.7360385075336003,339.48300000000006,3.405000000000002,3.1971532551709307
0.29921823809987474,461.5590000000002,2.9836800000000014,4.433600852215211
0.16299085469707922,514.3690000000003,3.8412000000000024,3.522966402202491
0.7627115418845481,324.42,4.730600000000004,3.8052866232025364
0.6365717324105025,371.9520000000001,5.637800000000007,2.701622406536867
0.5468370951736143,328.50000000000006,4.444120000000003,2.6715390976963125
0.5190636810144735,373.44000000000005,0.3193000000000012,6.284010137517399
0.4880197420149378,471.6370000000002,4.133090000000003,5.910432715562163
0.4150698610226234,397.58100000000024,4.518000000000004,3.4323033584317058
0.834287285636551,373.5000000000001,3.9275800000000025,4.418997429777559
0.39533499253898685,449.4330000000002,4.885300000000004,3.7391104785480067
0.6732993897835979,324.388,1.8888000000000003,2.2968018149790304
0.729836606606222,173.215,2.2636200000000004,1.9383935961626726
0.6030759972024076,472.4110000000002,2.2773900000000005,5.316785760774498
0.8155099008346546,355.4590000000001,3.4293000000000022,4.5119514506840055
0.29725164796628456,378.47900000000004,1.3952999999999998,2.6660916207920273
0.48738891690599784,470.5760000000002,2.6084000000000014,6.642644819319014
0.4655937654095217,465.55300000000017,4.1833000000000045,4.01682494036497
0.7501340386200315,428.9820000000001,3.549100000000003,4.427933917184053
0.43348268079664953,482.64300000000026,4.057900000000004,3.755746357780552
0.36994742389996504,448.55200000000013,4.365420000000002,4.758966319936771
0.6641632864627616,342.552,4.449400000000004,2.8368552155687183
0.24087965082366836,439.5870000000001,6.136600000000006,4.615840322862359
0.0750084227619177,852.2710000000002,8.428780000000007,5.863802048503063
0.22458872841777128,430.5040000000002,0.9324999999999997,4.438873609345015
0.25801226415128903,534.6340000000004,4.542200000000005,3.417510230006881
0.661091370266935,452.2580000000001,4.873980000000002,3.331575990939612
0.11175073082631487,542.1450000000003,5.076800000000006,3.750565714890879
0.37008331361123614,376.4850000000001,3.4338700000000015,3.2928977640261117
0.8520786201613271,387.4620000000001,4.324320000000003,4.782075470832912
0.42976382509603206,345.42800000000005,2.2511,4.062963299658541
0.1703382656158659,426.62600000000003,4.5899000000000045,3.722325705056151
0.26336549087043004,265.3089999999999,2.5765000000000002,3.519741251216825
0.3215726706410793,429.7060000000001,5.984080000000004,3.4202106976678133
0.1680568948159174,482.0280000000002,6.839680000000005,4.0581928612567495
0.6242204224335312,324.178,2.6862000000000004,3.3538382033213248
0.2620812358094273,490.6680000000003,3.843690000000003,5.062895675083258
0.8341499779768953,223.24599999999992,2.479490000000001,3.3382807830406396
0.279558530109042,604.6890000000002,1.417280000000001,6.150685974998988
0.37570495742588506,463.62200000000036,4.301220000000003,2.678088308917861
0.4088004266117622,460.6000000000003,3.414500000000001,4.336018163191226
0.41904266917593064,406.41500000000025,-0.5132099999999988,4.306681075898577
0.7637062973236993,384.52300000000025,5.248020000000005,2.6419201251411355
0.23543958461048287,510.3270000000003,6.267400000000005,2.0349780115180316
0.6784201454090033,471.5830000000002,3.720200000000003,4.976181596609236
0.301253086104429,462.9370000000002,5.388220000000005,2.70472950693658
0.382945120434037,392.4410000000001,0.03420000000000212,3.760957961838022
0.24681712556219026,425.52600000000024,0.9941000000000011,3.221595770042338
0.4649061681204996,493.5760000000002,2.2752,4.860426522577783
0.3108732614820895,488.58100000000013,3.7984700000000027,3.6840043556500675
0.6529148733328843,242.27799999999996,2.3230000000000004,3.294659257631972
0.4305007859466148,311.389,1.79917,3.2094470396973884
0.5560991995080095,431.5220000000001,2.5630000000000006,2.6203079530347626
0.41904330120937483,350.26700000000005,3.6777000000000024,2.3775842039865456
0.8044824826908976,269.364,4.405490000000004,4.615910407189512
0.4260423601101197,372.45900000000006,6.273500000000005,2.570480991423821
0.13164417993308922,481.98400000000026,3.247600000000001,3.8019829762534725
0.21837870454974495,451.57100000000014,3.0139000000000014,4.651310002605104
0.8255792642570887,353.85400000000004,2.729400000000001,4.143364836136975
0.809009012882838,420.4310000000001,4.138700000000004,2.412760070690517
0.6616187669474399,422.88700000000017,4.7089200000000035,2.1759526041667616
0.8288931248148524,388.9200000000001,3.479600000000003,4.399677837994419
0.049578063185732046,486.6200000000002,-1.1138999999999957,6.064295840747623
0.2373748434328889,411.5060000000002,3.5870000000000024,4.583843587174034
0.7642524117934402,288.307,1.8301999999999998,3.304426644304849
0.5820266767307104,319.33900000000006,-0.8654999999999988,3.579465292750129
0.7555223242634763,236.31799999999998,3.207200000000002,2.4975910428279082
0.7586735046732551,332.37500000000006,2.2074,4.554567343440845
0.47587892348876476,247.26899999999998,2.256900000000001,2.316916656761146
0.7556300751770177,257.308,3.2832000000000017,4.017036123011696
0.5820289930820438,283.331,3.290300000000002,2.0104220819706313
0.37060175849573807,437.0020000000001,6.804340000000006,3.2910980909035175
0.36676551893341813,437.5940000000001,3.827900000000003,5.1021160137377475
0.4255026194228678,463.56100000000026,3.911680000000003,4.492009644111606
0.25382571347427874,387.52400000000006,3.679400000000002,3.473055909185746
0.1729469336052177,441.6160000000001,5.523800000000006,4.338572744281657
0.4049242682490465,516.5770000000001,4.658020000000004,5.858205772720147
0.609290095965786,445.58500000000026,2.9790900000000002,3.4369194378681325
0.735436485867771,350.44300000000004,4.335420000000003,1.932466837476749
0.40467523417880785,511.54200000000026,2.6122000000000005,3.4219681937014617
0.18752144158473116,587.4600000000003,3.679100000000002,3.4864205727614372
0.7524093743281322,356.22,2.0347000000000004,2.773770187855023
0.37553505152473626,411.5020000000003,1.5194999999999992,3.697685881938093
0.7500913531546454,332.27799999999996,2.6849000000000007,3.5345454881239613
0.3452242808900092,445.6280000000001,7.084600000000008,2.8195269597872414
0.8911020900962042,289.285,2.2337,2.9081605435090925
0.28645498305757167,395.41500000000013,2.6854000000000005,4.575123041179345
0.39873013083008485,408.4660000000002,1.9650799999999997,4.7168668898810475
0.15824269579466907,521.0580000000003,2.864300000000001,4.439903866686635
0.2216787607053265,427.5090000000002,3.283470000000001,4.536222504858835
0.6015427493797969,502.6520000000003,4.246200000000003,5.668745012851552
0.7620933289050013,348.43500000000006,3.2942800000000005,4.040522273376296
0.768178211839911,353.24900000000014,4.459500000000004,3.5850076051416657
0.5827739784322529,387.8710000000001,2.7679,4.4776298079918675
0.7989066861579157,337.4410000000001,2.3005200000000006,3.408113563496171
0.6478568313402414,361.2740000000002,2.7688000000000015,4.714845121428218
0.48833965974860194,438.61600000000027,3.3190000000000017,4.928064807311578
0.6160422124540512,521.7030000000003,2.7803000000000013,5.279690593626199
0.3133309513691556,484.57200000000006,4.877580000000005,5.275269165952646
0.12904944473565544,479.5340000000002,0.3059700000000032,4.543434359767808
0.5797751226891348,400.3940000000001,3.401600000000002,3.631277702063805
0.5279125175382379,357.56100000000015,7.610790000000007,5.185509237603709
0.862827100580643,337.807,1.9863999999999993,3.2102338498103515
0.6184525906986404,349.39000000000004,2.651880000000001,2.068335258694429
0.629879497005597,175.19099999999997,1.29628,3.2316999697890463
0.6745214000678177,336.46100000000007,1.7399,4.178836894893367
0.5177351696177507,219.306,1.0180000000000002,3.245272118149958
0.3041929752754315,523.1200000000003,8.553800000000004,5.319507457489587
0.5658017836246737,370.40900000000016,4.0729900000000026,2.6643721156841753
0.38178600986178973,383.4560000000002,1.0074,5.685188878809073
0.5903820120580331,371.46200000000005,2.794100000000001,3.432178135184137
0.6196573105916755,385.86600000000027,5.704280000000004,2.8036034583318052
0.4211981303372554,424.02800000000013,7.088280000000006,2.84873771789025
0.4972862738313948,393.93600000000015,5.1468900000000035,4.764622354168552
0.45343340151994466,396.55700000000013,0.9029000000000023,4.9525074461424925
0.6236542263446604,300.583,3.872300000000002,3.382112811012668
0.5913281650983904,411.8530000000001,2.4887999999999995,2.8452392804955835
0.50224526841351,404.93800000000005,4.732900000000004,4.412910615582021
0.30972117737399973,689.857,2.073300000000001,6.871229033647117
0.37355557636688325,454.5630000000003,6.140800000000006,2.3490171270113205
0.7920649037944765,293.322,3.080300000000001,3.3223379973852687
0.83288866241244,299.1820000000001,4.159300000000002,3.4076867277670626
0.3752587757793907,490.60400000000027,4.312400000000003,3.296602376051071
0.5236639123855436,383.43500000000006,4.419400000000004,2.9955945146449743
0.7791005201628114,263.684,2.8808,2.686593706534902
0.03615349815195887,596.1280000000002,0.22310000000000352,4.535300277537326
0.5716498310890892,401.4700000000001,-0.8857999999999984,4.804113740310604
0.7817663296545416,306.3690000000001,2.3813000000000004,3.324567557129976
0.593627884568515,440.9270000000002,4.437800000000004,3.050040573628924
0.7578906681622651,339.86700000000025,2.9727000000000015,4.482210766883557
0.7450581036746944,237.09999999999997,2.943220000000001,1.9168118913809682
0.43520194938753265,377.5170000000001,4.503800000000003,4.400679807991867
0.684920948718472,202.05100000000002,2.1215,3.2052872727597066
0.3349409362232098,488.47200000000015,0.8126000000000002,4.109996639254314
0.38420666422775457,394.5560000000001,4.083300000000002,4.953549893515413
0.6997567185298391,379.4280000000001,3.4571000000000023,2.0969877027287094
0.5067596767873822,473.85800000000006,3.9388000000000023,2.4709709040208274
0.3489929687945181,413.56200000000024,3.2193000000000014,3.0533088229479812
0.6476056987928619,331.343,2.8720000000000008,2.3577257715798705
0.7207605677522994,392.24200000000013,2.7039,4.926773216606087
0.8406612069576058,284.281,3.362000000000002,2.7672643268599693
0.49714089742814727,381.90700000000015,4.8357000000000046,2.154225474983104
0.4559494957574595,437.5440000000001,2.6080700000000006,5.470212684854505
0.556840357332889,233.22299999999996,0.8735799999999999,2.2825981694019326
0.5615612364717231,189.13599999999994,3.1256000000000004,2.507459090668167
0.04144877890285937,633.162,3.6315800000000014,4.844955724931159
0.5268317856286218,503.0060000000003,0.9168000000000003,3.2117799326786907
0.5430111623770154,408.9770000000003,4.792620000000005,3.5097425860253963
0.91191904169657,290.8140000000001,3.919690000000003,4.210077208808946
0.5685024309563464,434.9880000000003,4.353690000000003,3.2249067995430583
0.7475965836387218,253.27899999999997,0.6807800000000002,5.453594818605624
0.7964105790925902,319.76700000000005,2.958400000000002,4.697898729794705
0.5273614063548941,468.94500000000033,3.2529200000000014,2.9375471182726116
0.34727910814851704,446.44600000000014,1.9171499999999997,4.233024322990094
0.8829499559403652,299.33,1.8695999999999997,2.131986384482042
0.7770490013432243,344.8420000000001,4.967000000000004,2.2604596406958297
0.8481172397348732,355.40200000000016,2.2347,5.103019932052802
0.51748957533564,380.46400000000017,4.635280000000004,4.237181207868902
0.8028253011160997,302.3740000000001,2.6165000000000003,2.9714231164689267
0.4474543938821232,451.03000000000026,6.971790000000007,3.956781941238546
0.8861077884964675,338.3580000000001,2.0116,3.3056861011537206
0.7576348197580735,320.34900000000005,1.0307000000000004,3.202752272973833
0.46532370518508276,437.54400000000015,2.7635000000000005,2.7949491401046114
0.3773219157589386,436.66700000000026,5.039010000000005,4.322867223209814
0.27635956999367095,637.7110000000004,4.1700000000000035,5.3227762690131595
0.2869189695106106,372.37500000000006,3.0310000000000006,3.7043189688310285
0.17399676766646202,558.0350000000004,2.717900000000001,4.582882121649997
0.17653037882918862,549.7010000000004,3.421070000000002,6.40889186892473
0.6127948980173131,433.62100000000027,4.461700000000004,2.6682078456142317
0.5792194430549703,381.4250000000002,2.9186200000000015,3.4307782806724516
0.8381629350436355,329.23900000000003,3.0728900000000015,4.333255844614743
0.19027658199761366,471.5140000000002,1.6999000000000002,4.0527499872981725
0.4433195414011702,377.4400000000001,3.614200000000003,2.7589140343854393
0.6129398988080473,316.35699999999997,1.2069999999999999,4.575874917735801
0.5641566595799369,341.41400000000004,4.719520000000003,1.9010149145648736
0.32169497797080704,570.9790000000003,4.203100000000003,2.7415666278776154
0.6113583126978639,334.4410000000001,3.0736800000000013,4.784983277449914
0.7815449814035951,401.5140000000002,3.974680000000002,4.991561412747214
0.4982880298405435,394.5390000000002,4.385000000000003,4.203527715359201
0.38459406529978,494.6570000000003,5.598000000000005,5.684492397466936
0.538303466598682,448.5460000000001,3.788800000000002,2.4647900838596595
0.8219403911540498,310.46599999999995,4.251000000000004,4.623037191333166
0.6198387638025519,358.44600000000014,1.7706999999999995,3.859324251003846
0.41958168520858524,434.58300000000014,6.601300000000007,2.8058512478272704
0.08400272578863156,463.95300000000015,2.9109000000000007,4.791935546798582
0.31830452835067347,441.0350000000003,6.234290000000007,4.286168098249203
0.2482000944750775,402.87000000000006,4.007600000000003,5.858396614788308
0.7199641844422013,389.90400000000017,4.276800000000003,5.353869426818585
0.44630647042418564,452.0160000000002,4.481200000000002,4.464459006304468
0.6671641475052751,382.5480000000002,5.365020000000006,2.906417508688916
0.6004222160537704,484.9340000000002,5.030300000000006,4.323925219987349
0.3933559562176251,456.72400000000005,3.4844000000000026,4.466181331392088
0.6140902621395788,407.72400000000005,4.990200000000003,2.5944391989210214
0.6321512687735426,427.9760000000002,4.449600000000004,2.4764733334374913
0.28877428966600743,435.53200000000015,2.1997700000000004,3.792299211378568
0.7655062153201136,337.38300000000004,3.7245000000000017,3.146673974087526
0.7795460970639907,338.41100000000006,2.033269999999999,3.2669376579916802
0.5010331640288223,498.6000000000003,2.52419,5.641671162717739
0.8392582395728285,364.4420000000001,2.1234,4.042197369085185
0.3023468744325369,435.48400000000026,1.3822000000000003,4.945268132373612
0.6116078598586058,338.43500000000006,0.7606900000000004,5.140227384019079
0.44361568692343595,367.74000000000007,3.354890000000002,3.2469322335174056
0.37601309549023987,521.4920000000001,7.035400000000006,5.042837530730601
0.22315324489147645,544.6460000000003,5.391500000000005,4.102966952430228
0.6210427998870285,324.326,4.945700000000003,2.6014816943073686
0.885045214918887,347.4150000000002,3.0502000000000025,3.1920258181164423
0.45550354383270586,245.326,1.7381999999999995,3.0720166567611447
0.45115665631829754,280.36899999999997,2.4520800000000005,4.628265919769321
0.7317621933678634,345.87000000000006,5.9737000000000045,3.490446340396689
0.3377798209621162,472.89700000000033,1.8998,3.245804283895888
0.41595193668321684,384.47900000000016,4.614500000000004,3.650763105562757
0.26028377348399234,424.4380000000001,3.6997000000000027,4.063813367393813
0.7265880206188572,265.42199999999997,3.7368000000000032,3.0669378875303757
0.14841274013505593,538.7360000000003,6.373600000000006,4.26784534361925
0.19456890799202942,506.51300000000026,2.1035700000000004,4.074757934091092
0.7652454920329748,315.4160000000001,5.282700000000005,3.1302689243913555
0.6106423169510616,356.309,1.2729999999999997,3.648816016652777
0.3386413398452811,567.7270000000003,4.675900000000005,4.920546060765373
0.2964328320674811,549.4690000000004,4.615900000000004,2.7386656979621815
0.09931764878482939,669.726,2.719290000000001,7.208914477303729
0.6930173439242359,329.446,4.6407000000000025,2.0127853764175256
0.263540369657123,402.45100000000014,2.6117,4.866833470864599
0.6157673716854373,422.0120000000002,6.285600000000008,4.604371951290227
0.36132221925501506,409.4900000000001,4.051200000000002,4.00435063580694
0.2898738397355768,564.7970000000001,4.275200000000003,4.463316633679419
0.198641155704877,664.7470000000002,1.230000000000003,6.037176418719096
0.8495716076799403,347.4180000000001,3.0616800000000017,4.071373308823768
0.5539165548180226,385.5370000000002,1.8961999999999999,4.481929355946903
0.7258521860405333,310.34299999999996,4.907900000000003,2.3228295571799062
0.45551445646860284,252.26999999999995,1.5137199999999997,3.421957341219545
0.7766513348019978,254.66299999999998,4.293800000000003,1.7966983330680524
0.633971329011893,290.366,2.566700000000001,2.334052924494449
0.742582206727232,369.4110000000002,5.283200000000005,3.6285102635266107
0.9001286347795464,299.33000000000004,2.4141000000000004,3.7469646492599615
0.40004248744123677,461.3980000000002,6.314300000000006,5.979487939591371
0.24355986973918653,530.5430000000001,5.173600000000005,3.904771089088233
0.6795130561888277,382.139,4.384080000000002,2.7140694433035026
0.3071317322113723,490.5890000000002,3.1134200000000023,3.376593183668448
0.3072984545506586,452.50500000000017,3.632500000000003,4.357626612489501
0.4072945487471434,462.55000000000024,2.5147000000000004,5.453535894642805
0.7738283938700509,313.4850000000001,4.435500000000004,3.3524468249632964
0.8650984116435569,285.28999999999996,2.599500000000001,2.8064699548449052
0.3532042727076298,450.0010000000001,6.600000000000006,3.458937158629851
0.4799987011583421,513.7260000000002,5.622400000000005,5.587517972363166
0.09690006714635123,561.6410000000002,0.35661000000000426,4.8176588466428445
0.23857267054271084,559.5670000000002,1.2995799999999997,5.351314343931266
0.2752864781636404,382.86300000000006,3.565680000000003,4.403572944998404
0.5751180863884338,363.84500000000014,2.58,3.2202534986200817
0.7479041724323566,359.38500000000005,3.6549400000000016,3.398654092748563
0.29132873064990855,439.33400000000006,5.245590000000004,3.6941307751797607
0.8332545656198763,322.4770000000001,4.721900000000003,3.454804066888874
0.2174857490710397,457.55100000000016,2.56991,4.611845540280638
0.581101487270716,413.51800000000014,4.777400000000004,2.7718006358069402
0.5185199602882041,428.94500000000005,4.213600000000004,6.166687840675253
0.8986541487590615,322.36800000000005,3.6776800000000023,2.9334201558458304
0.17668278234133,541.5930000000003,1.4209,6.019857957952491
0.8637555513264059,289.33500000000004,1.7849,2.8354730160365644
0.42623868267239734,400.9430000000001,5.630300000000005,5.105229682302552
0.4454011480576888,458.321,4.674600000000002,5.338209524898405
0.22370641534458632,437.5810000000003,3.039200000000001,3.821005900870059
0.7815952206935869,275.735,3.678500000000003,2.952349450341311
0.5086193859411741,257.30499999999995,2.3527000000000005,3.4650173490688374
0.49842543701856606,490.64400000000035,3.9946000000000033,3.7937968941047284
0.36364723837800816,548.4920000000003,6.173900000000005,3.9789671110757308
0.8613894089465359,298.773,4.421100000000002,2.2900302534712615
0.551580482226098,323.35200000000003,2.0111,3.988611460193658
0.8342662837484478,387.91100000000023,3.8076000000000025,3.698056005784353
0.215637186418663,494.9870000000002,2.1160699999999992,4.576983011923842
0.49592484366534606,383.4510000000001,4.830900000000003,2.214972057758482
0.4257423678956702,421.5660000000001,4.3869000000000025,3.627865796567538
0.4036111250377706,448.4590000000002,1.3253999999999995,4.793910689691829
0.7566990867861475,438.5720000000001,3.2150000000000007,6.155118794385398
0.41677743514862775,432.5280000000002,2.9251200000000006,3.6406409002718174
0.322640269419374,497.68300000000033,5.679100000000005,4.459092006712472
0.8368817631592498,370.3840000000001,2.831520000000001,2.8272712165832754
0.5828792424849799,414.94000000000005,5.124800000000005,3.9085459448675133
0.3816807578376803,241.33899999999997,-0.832699999999998,3.6910848821561606
0.09113344743115362,455.5350000000002,1.0448900000000012,4.693068489898298
0.43912584943475075,414.82000000000016,3.898200000000002,2.9595948360511404
0.39053439153524044,436.9200000000002,5.160000000000004,2.6382835818098087
0.36273700918644536,393.434,2.1908000000000003,3.6044259657152953
0.3723160290995998,497.03500000000037,7.392520000000006,3.7985489738588125
0.2894610275075274,364.9210000000001,4.7332000000000045,3.591982813883331
0.6463042443998921,351.45200000000006,0.45619000000000093,4.590855240594866
0.7321674159178784,329.488,3.559300000000002,4.284249055718846
0.4077905920189098,389.32600000000014,6.825500000000005,3.6352486826169486
0.38753069623094255,435.4810000000002,0.07820000000000316,3.982268761525031
0.8433294342589857,355.5260000000001,4.540100000000004,3.224899920050378
0.17782055690240003,348.45100000000014,-0.3214999999999977,4.764351055672572
0.25523566287210425,463.56600000000026,0.9598600000000019,6.142561633852422
0.5542403525190005,373.449,3.573400000000003,2.5529179438462926
0.6821631523107612,338.377,5.066470000000003,3.622149727066941
0.7663523353809758,368.40299999999996,3.1591200000000015,3.5328362966467566
0.3292118622823546,182.65400000000005,1.7810000000000001,3.176196216037603
0.5336090396728154,453.8800000000001,5.525700000000003,3.354200097596232
0.44982091129314994,477.5330000000002,0.1050000000000022,5.1858827231703994
0.7970763521230301,380.51000000000005,4.241570000000003,4.397729017436834
0.7441510433564225,360.826,3.1800000000000006,2.2211832564787066
0.5392492181609457,492.01800000000014,5.213300000000004,4.033236141986623
0.8292503738120557,354.8370000000001,2.9581000000000017,2.474207005407413
0.2970488726036982,456.5460000000002,4.792180000000004,3.9981380856576827
0.3342111336121759,430.62100000000015,6.004700000000006,2.7146274567723037
0.6341007213420076,270.741,1.8472,3.984935648943666
0.4087226645680754,629.338,4.097170000000003,3.9719555765423467
0.44856084702061616,474.9740000000002,2.8174200000000003,2.63514845568265
0.7094968473426787,349.439,3.380580000000001,4.510645738553555
0.4906281746206539,415.5410000000002,4.011670000000003,3.4127443619343456
0.3485130827386129,385.91,6.398000000000006,4.167397464325813
0.6351896969039402,387.4150000000002,2.6891000000000007,4.642233108279198
0.5603763177047912,384.3290000000002,4.352100000000004,3.614294984707045
0.6093186723227378,462.59700000000015,4.3678000000000035,5.723010171222592
0.26854873343670627,533.8420000000001,1.6335799999999998,4.85124830962639
0.09971069268496174,586.0780000000001,1.6781999999999995,5.771613698162621
0.8700728106313178,274.39300000000003,3.1462000000000003,3.2638251409120365
0.26352290861782607,425.5930000000002,5.053890000000004,4.996477734004729
0.25407676390759665,552.1100000000001,3.217270000000002,4.959634838555014
0.18665099581337766,374.44500000000005,-0.18390999999999857,3.92677210367674
0.7858499914511432,425.8880000000001,2.5787000000000004,4.16889973521725
0.7098922713827275,266.337,2.697000000000001,2.953517694917249
0.4129941135847324,393.49100000000016,3.6871000000000027,4.7684346591072515
0.15566638123841933,486.68100000000015,3.0783900000000015,4.588504261631938
0.44982844440676206,371.47800000000024,1.9268000000000007,3.402551226767808
0.8508622889682462,337.8540000000001,2.2476000000000003,5.096349014928457
0.6055178200207564,439.57600000000025,3.468490000000001,4.619899884919898
0.5007797177548781,351.4300000000001,2.44529,3.5150797537302143
0.8882725023232394,356.3800000000001,3.0303000000000013,3.655828714229173
0.7089861374526661,370.43700000000007,3.4906000000000024,2.956370839944343
0.6607640170854445,382.41900000000015,2.4542900000000003,4.594650786522192
0.5908669043491331,426.47400000000016,2.0478,3.2378618445981493
0.5889892628488707,376.50300000000004,2.645600000000001,4.104058379494192
0.47226622807591456,525.4280000000001,3.9668800000000024,3.985879904290357
0.5084304726789867,411.4380000000001,2.21669,4.619551510644955
0.23635043409337983,545.3550000000001,7.164200000000003,2.531243827722177
0.6487611034173145,295.3829999999999,2.3181000000000003,2.8014757656670444
0.4346010447887001,504.4060000000002,4.714500000000004,4.416020614671884
0.11856839277847593,412.3790000000002,1.6392599999999993,4.882857553695082
0.13629577728098605,525.6530000000002,3.7166000000000006,3.8781141790685307
0.8315536597977894,347.44300000000004,1.2911000000000001,4.020687345128525
0.30550974333140035,601.8170000000003,4.541720000000003,5.492344821552347
0.5487178306173507,335.44800000000015,1.9949999999999999,3.0852029014981444
0.2661210195606427,507.58700000000033,4.624300000000004,4.441959573802574
0.43266880243682493,634.7210000000001,4.677480000000004,3.7551885893859733
0.5473919802219516,448.99400000000026,5.872300000000005,4.099951762321345
0.7228958523938271,260.42499999999995,3.003120000000002,1.825553064403639
0.4173333291865105,416.9520000000001,5.739320000000005,3.5060013570512147
0.8593423750902521,398.48200000000014,2.5592000000000006,4.521596835967857
0.08320033775409905,481.39800000000025,-1.0707999999999949,5.266803504859958
0.6403903468529129,389.4980000000001,4.127500000000003,6.1020959531031105
0.6303385637996267,323.417,1.0952900000000008,3.6705562767290125
0.7639982826534978,348.8340000000001,3.5310000000000015,4.32715265812616
0.877116251821549,358.40100000000007,3.1288800000000014,4.0896444173727655
0.14763599882026227,534.6610000000003,2.132400000000001,4.406265540250841
0.6303625950095019,430.6180000000002,3.215300000000002,4.779792587018466
0.46233547030128935,214.309,1.1611999999999998,2.4328370587663937
0.4120191777652848,403.38200000000006,2.3177200000000004,3.7612975761392127
0.43669241485274024,348.3980000000001,4.540100000000003,3.2614279449984043
0.5095744960982772,564.774,5.005800000000005,5.243607537616429
0.7602179967985133,352.51800000000014,5.117180000000006,6.497344264698148
0.0952185279589122,521.767,7.156200000000009,5.196173118983357
0.5116904056188368,480.0520000000003,5.560300000000006,6.344658785261909
0.6250316635105028,461.54900000000026,4.922980000000004,6.122569037985446
0.7336968592268422,428.5800000000002,4.552880000000004,4.2566328735273045
0.5673005997976234,475.98000000000025,4.184400000000003,4.837019430931045
0.4181976272459504,462.4130000000001,6.779210000000004,3.380137353849177
0.5605771456620863,418.0460000000002,6.286620000000007,5.004003121585741
0.604036832698332,467.50700000000023,1.7961,5.775891674131819
0.6866945400724906,371.415,6.286400000000004,4.976776745842612
0.5570590004553755,464.3440000000002,5.451490000000004,5.169100187518493
0.4039876684551286,365.45900000000023,1.8804999999999994,3.0611058407270217
0.35924291314520745,472.5860000000005,3.5363000000000016,3.3531748360713376
0.6730557926167713,398.5100000000001,4.317820000000004,3.0423558834983986
0.5246030514325961,437.8580000000001,2.24172,3.458725961838021
0.18715705330614765,569.9019999999999,3.7161000000000026,2.554253353090429
0.8389788477269065,218.34399999999994,2.1737,1.6739386553810665
0.6965390868304717,470.5730000000002,4.420400000000004,5.260044010511509
0.15253386998940638,587.494,3.13994,4.228086670942277
0.5114144062867462,492.4830000000001,2.0386000000000006,6.30365167641221
0.36751724732067315,177.03,2.6167000000000007,4.096246881468413
0.6462817462389862,289.77,2.8697,4.697094979671119
0.3366283564702861,317.76900000000006,1.1252,4.686111916440771
0.7022731975834783,257.37399999999997,3.5225000000000026,5.372682560540506
0.632083513737853,297.35400000000004,3.1163000000000016,3.1966947857581856
0.5651524669694414,452.52600000000007,3.7351000000000028,4.065615519173466
0.6543689387572337,356.185,2.625400000000001,4.392805045257985
0.6332538373847028,273.3,0.3950199999999994,2.516992443743087
0.04770701519012014,557.214,9.956509999999996,4.794089499323497
0.15571224252743252,356.40400000000005,-0.20142000000000043,4.7388051056786065
0.7412579308910389,378.5160000000001,4.805780000000005,3.9350871371263194
0.6061160802054693,393.4830000000001,4.340400000000004,4.80929261304683
0.09177208396065367,638.7970000000001,3.7714700000000025,4.705947264327955
0.13740543307604067,569.5010000000001,3.650400000000002,6.597984114708243
0.4438830839303236,479.58500000000015,3.4539000000000017,5.9761267720509
0.5090589766742647,447.00400000000013,4.051400000000003,4.703975214588071
0.762708328775911,382.38200000000023,3.671800000000003,3.118936101364449
0.6951695236893227,410.5680000000001,4.4310000000000045,3.8851119289028473
0.09257737438559711,596.7040000000002,5.205460000000007,6.187991044058568
0.5612350879024531,251.30600000000004,-0.8339099999999993,3.9388070034461897
0.48177030860217057,460.4900000000003,3.278080000000002,5.039177444051944
0.26251301538745325,547.9670000000002,2.6416000000000004,4.504444743478411
0.8833833436304496,266.74699999999996,4.1845000000000026,3.0922403430651197
0.7964061733589731,369.86800000000005,1.5447000000000002,3.6574841912021725
0.20507312912808004,558.5700000000004,3.8431000000000024,4.412060092464829
0.6576491188337622,401.89800000000025,3.5706700000000025,4.346778854616384
0.20186332428631062,498.02300000000037,3.5900000000000016,4.446113537397623
0.12625116065819245,505.0000000000001,2.3508,3.541163764487793
0.10786391865745201,461.3530000000001,2.6941000000000015,3.3915010510825034
0.5876551437457476,451.51900000000023,2.8425900000000004,5.261593386535244
0.37291611532512475,337.379,2.764870000000001,3.3016993130997196
0.18368688216480417,482.51500000000016,0.7854700000000012,3.513146888284531
0.49320668455903155,482.62800000000027,4.847740000000004,4.768775408811069
0.5983032738735727,402.8590000000001,4.098700000000002,1.8011937756032044
0.2704962816735535,392.28200000000015,5.452200000000004,4.448542951002122
0.4998164846258,409.4380000000002,1.1910899999999998,5.003479130902156
0.7915949477850031,374.5290000000003,2.4867799999999995,3.7563659478617195
0.6457093837017216,359.4260000000001,1.1578,5.937295839553821
0.49256969947820456,421.5630000000002,3.968300000000003,4.883131813612382
0.4583985199516592,566.6740000000003,4.666600000000003,5.431705939178218
0.7745581661608341,297.308,4.473820000000003,2.0243936868570866
0.5618360540507145,437.75800000000015,5.130600000000003,2.456390407369577
0.25044239743259095,374.44400000000013,3.7086000000000023,3.3508810489361682
0.20875370338830745,542.5480000000003,2.9067000000000007,4.007826710417131
0.8096418078897851,285.796,3.6793000000000022,2.7705554259919154
0.3349529646312165,396.4430000000001,4.585900000000002,2.014189823143676
0.33057800240011936,558.6260000000003,1.8364000000000007,4.745918107531546
0.2817235978715532,509.44400000000036,5.364600000000006,3.7324346855362753
0.7134725478552914,343.77000000000004,2.4135999999999997,2.6061214377443243
0.3367664484368116,544.6840000000002,3.039270000000001,6.084054922316608
0.2782576162034548,473.5590000000002,1.5283,4.780484082872663
0.30671484170738206,569.0980000000003,6.345200000000007,4.833298692706008
0.23305677925892965,475.58900000000017,5.542500000000004,4.925936409474372
0.7873980863552208,364.2980000000002,2.45688,3.5885541264175256
0.7384456426801859,275.39599999999996,2.3601800000000006,5.003723260957601
0.38919551579893596,375.3850000000002,6.617090000000005,4.447963247250687
0.2534321445835158,448.3730000000001,2.9887000000000015,3.0367057983399928
0.8228708118544166,308.341,1.5638999999999998,3.2432557026762003
0.5433981294049288,421.4150000000001,4.6555000000000035,3.252978238736434
0.2961010738576128,570.6510000000001,2.2734000000000005,5.0204218097878375
0.44526436173144524,455.5220000000002,3.737400000000002,3.279795186339996
0.4967924129516793,447.48600000000016,2.6951,5.287112802973759
0.23652946499282854,450.6120000000003,3.945140000000003,5.0751776268572755
0.4663684725607217,425.4360000000001,2.6861700000000006,3.1764939380742927
0.5791480958762848,331.38300000000004,1.7998299999999998,3.185983126164256
0.1864349734490145,387.87100000000015,1.6929699999999999,5.404937982542979
0.7009601116438559,462.52500000000015,2.8873000000000006,4.023475985143177
0.6734482845293411,409.957,5.665900000000005,5.6758531423418574
0.5489561644192356,588.7930000000002,4.7210000000000045,5.350413928252099
0.7256774845425596,353.5300000000002,4.207790000000004,5.445723111914392
0.4835745464152119,376.4970000000002,3.371900000000002,2.990128764230926
0.16557700193439365,359.43000000000006,1.63537,5.129467175767635
0.2998562582470521,474.57700000000034,2.7449000000000003,5.080137715030965
0.7051589045816176,434.45800000000014,4.227200000000003,4.399518371965764
0.4640588394939861,503.7460000000002,5.786700000000004,3.3982106201410662
0.6725318892956269,359.4940000000002,0.8815900000000022,3.1357799787181095
0.4380574585658478,674.098,1.9375000000000002,5.799036406061411
0.5753573260085939,407.5330000000001,1.3169800000000005,4.508497266265371
0.4525239414798034,458.46300000000014,5.301220000000005,4.037469829517226
0.6867352265632005,298.406,3.442890000000002,5.5216525879559875
0.23803634320088457,563.6750000000003,2.786990000000001,7.069588800920146
0.6820892669755255,357.473,3.6545000000000023,2.5091379657884243
0.6340095994992098,262.25699999999995,-0.38831000000000043,4.195943683215249
0.2919776323756658,461.5820000000002,4.866690000000005,5.926317904826652
0.22198959517259204,465.64600000000047,3.1929000000000016,4.322835212293424
0.3515823692729766,427.5450000000003,2.517499999999999,3.6406913899063724
0.607347065515584,222.313,2.05879,2.3422977341885325
0.11096541270314814,478.8990000000003,3.6661000000000024,4.334789638490121
0.7079872080135488,388.4290000000001,0.6901899999999996,4.099724544833973
0.4082460528809064,500.5920000000004,3.577790000000003,4.7146564639717035
0.42207004451564906,506.64600000000024,3.2942000000000022,4.166552953796645
0.3678754057666285,388.44800000000015,1.11519,4.041190050666382
0.6608520233419174,308.297,1.8473999999999995,5.4329694322068
0.21798990666448934,477.5370000000003,3.2840900000000017,4.592127808747933
0.1234298088238483,626.7430000000002,3.3324000000000007,5.7304452477433285
0.6863800283393373,399.4060000000001,3.4520000000000017,3.2827136591299952
0.5142254143744593,388.8980000000002,2.1253,4.001061707285954
0.21204519436017022,427.48400000000026,1.4744799999999993,4.509079984070828
0.4173617147956631,370.79600000000016,3.402400000000001,4.311890412540583
0.6590930630036483,299.28700000000003,-0.006900000000000073,3.8428738253420436
0.26757445151289716,458.4940000000002,0.42120000000000135,4.587626662300931
0.45042776951926683,266.34,3.8758000000000026,1.6609184029533655
0.44871114340751833,389.7650000000001,6.364700000000005,1.920305491181793
0.46449825670313377,391.5400000000001,4.954300000000005,4.331309688797962
0.7405419492570862,421.5420000000001,3.6381000000000023,3.9468088810475956
0.35909594508598736,427.36400000000015,3.940400000000002,2.794314972440379
0.8728129674606632,359.4330000000001,3.9816800000000026,3.8318985556395617
0.6543889097839579,220.35600000000002,4.0819000000000045,1.7242350974219107
0.42714699493420233,401.5760000000002,6.338600000000006,4.725222397471018
0.9031425472631878,283.37500000000006,3.5199000000000025,3.6515530573992727
0.8874091981903416,311.429,3.4910000000000023,3.6130272445437157
0.7470842609424906,367.39900000000006,4.325400000000004,3.7096393016627545
0.42493077245392047,414.2160000000001,3.6696000000000017,2.8292954942958417
0.7259486416080831,417.5020000000002,4.537400000000003,4.064335513808105
0.7687824143145549,423.4480000000001,1.9756999999999998,3.350040573628924
0.8794704319329073,257.293,2.1595999999999993,2.266769963161824
0.34055425862756056,362.40700000000004,1.8115000000000008,3.5924238723133923
0.6346163614769726,285.29999999999995,0.5957199999999996,2.588382462058105
0.9055887348947579,286.306,2.4142200000000003,1.7437216045170505
0.5673231516092978,506.6240000000003,4.848780000000004,4.655079308060795
0.41162555135123946,381.41100000000006,3.0836000000000006,2.490021219876338
0.19557723484604067,541.7120000000002,5.290500000000005,5.598175152711562
0.1050590896984703,315.40200000000004,3.513200000000002,5.299242038505438
0.3000857454113215,388.38300000000015,3.017880000000001,3.2946153488716527
0.8682043678945259,302.333,3.2771800000000013,3.4051769715961075
0.4579361379776249,510.4940000000002,2.3815000000000004,4.278556076016378
0.804561556135735,398.2330000000002,4.799120000000002,2.0467892943746353
0.31886415287067293,405.58600000000007,5.834600000000007,4.30534633442678
0.5491729568581907,442.4940000000002,4.918000000000004,3.844414075831649
0.3966057484354254,434.96700000000016,5.667400000000006,3.4295504769731506
0.7026939794750912,376.8800000000001,5.971700000000004,4.42917817391416
0.4843546944827874,432.8960000000002,3.7298000000000027,4.436756812331183
0.6448452081162488,361.981,5.137990000000005,3.9222923960265144
0.519854335515584,398.52200000000005,4.921320000000005,2.678582932778262
0.6223748468623136,502.7250000000003,3.384300000000003,5.789580967103114
0.10388240428726585,553.5810000000004,6.402400000000005,3.845908656694016
0.42447249929026104,405.5270000000001,5.072580000000005,4.581068263933797
0.8351684756442687,318.39300000000003,2.7928900000000016,5.004621498270544
0.6524120770061846,432.54600000000033,0.8884800000000002,4.710811750879268
0.6532616707077992,320.82,3.298400000000001,2.0086222582856585
0.47310685559164456,317.353,2.5703700000000005,5.971260479106289
0.8289041547820012,244.26900000000003,3.7781200000000013,1.4838353354941773
0.5681628561966277,198.24699999999999,0.47128000000000003,4.615304579169943
0.34275106563710306,414.4650000000001,3.1900000000000013,3.705089229145784
0.22096839010992697,536.7010000000002,6.652900000000006,4.096820047722465
0.3127325898502499,409.4230000000001,4.757100000000003,3.485154819574978
0.23301279591461888,510.6780000000002,8.393800000000006,3.095856257283952
0.8215196154990273,268.31600000000003,2.378240000000001,1.5356734876991318
0.5707545130493595,353.3970000000001,3.215600000000002,3.66318308013354
0.9244506281686005,267.375,3.176700000000001,1.9270704279944013
0.29592704018777644,349.406,2.1456999999999997,3.848774511942329
0.5363795840515545,317.385,3.6826000000000016,2.848309003743065
0.3189458843182674,432.6300000000002,4.725200000000003,4.653642786383706
0.7482902315395397,381.456,2.21589,3.970361781966811
0.47990355269190765,371.49700000000024,5.632490000000006,4.225808314526786
0.60153100593576,381.8120000000001,4.082100000000003,2.4018222004236645
0.5386761316407486,416.72200000000004,5.151600000000003,2.998554957150171
0.398821950696626,370.90500000000014,6.2835000000000045,2.555604028589709
0.3270075012871501,486.57600000000025,1.3295000000000008,4.425246737514849
0.44060919502299883,488.42900000000014,6.106420000000005,3.295622629692465
0.6415147477005774,414.5120000000001,3.3488000000000016,4.2845396754110805
0.5053250938854301,316.78800000000007,4.392400000000004,2.6077893621495374
0.4828656265664659,550.6310000000002,5.454780000000006,5.267864651965102
0.3637762050303193,365.3540000000001,6.869200000000004,2.3927691571042935
0.2858480398948141,356.4250000000001,1.94927,5.092322169763917
0.8013023738469229,362.40700000000004,1.8961,3.2541139224806157
0.7996548349010142,301.396,3.827320000000002,2.4491078378317557
0.7023704710071448,427.52100000000013,2.15937,6.2311426822858555
0.6146426037749995,329.35200000000003,1.8161,2.917151044790671
0.25724550117482387,401.4880000000002,1.1185999999999998,3.26951024196536
0.699205733504683,235.2909999999999,0.7034999999999997,2.1594204279944034
0.46734585249224697,371.4770000000002,3.3873000000000015,3.679015706915605
0.3146905422423451,515.5040000000002,2.7808,4.210514559666743
0.3882584199675353,421.5010000000003,1.7777999999999998,4.003694472833167
0.5012629709499294,405.49100000000027,3.089100000000002,3.3672095248984037
0.6331589850214027,485.9370000000003,3.675200000000003,4.2624924942766516
0.2179165271771683,582.678,5.836700000000006,3.3506358123197186
0.805278643193188,382.3820000000001,4.083320000000003,4.093487180599816
0.15233709081937666,518.5700000000004,1.5311999999999995,5.015010210725889
0.581205818066766,362.47000000000014,2.901600000000001,4.525338054906172
0.5278154819060981,299.3739999999999,1.7391,2.889784895648294
0.614617941046484,441.55300000000005,3.9242000000000026,3.2357763549413363
0.32712950348806463,398.51000000000005,3.836700000000003,3.0218607460249043
0.5814619379008986,441.9090000000001,5.923000000000005,4.360555315635814
0.23767230272434778,574.6850000000003,6.636800000000006,4.456868741816437
0.531003905300963,407.6020000000002,3.796000000000001,2.9533844999171155
0.8366030156009538,327.388,0.7659999999999993,3.2912882752792925
0.696698457251348,414.54000000000013,5.184000000000005,5.346719890536218
0.7231684303688906,413.5000000000001,3.934000000000003,4.335544065491655
0.7543836294734144,248.285,3.516200000000002,1.9388467457223193
0.636361115682689,409.92100000000016,4.313400000000003,2.9550728853221297
0.2837690956699983,269.279,2.869480000000001,3.3920026085782506
0.21703876156346333,536.7170000000003,4.310900000000004,3.6939275805791683
0.2705192747333442,409.48600000000016,3.1031000000000013,3.9132047145861675
0.5832795848539941,459.51600000000013,4.923980000000004,4.376713347086708
0.5393752371545566,430.93200000000013,3.083000000000001,3.1691090902395604
0.5331617983273389,371.84400000000005,4.077190000000003,2.737604749338921
0.11035916580204289,363.96900000000005,-1.7975100000000004,5.409219289235264
0.3208405847735458,591.6100000000002,0.5200000000000015,5.994826228016937
0.22385548283473033,368.50299999999993,2.3226000000000004,4.296928304929154
0.5304306903729459,422.59400000000016,5.541200000000005,3.940428296871641
0.6077086173760564,456.47200000000015,3.368500000000002,5.295021539240356
0.6577678950023432,397.47900000000016,1.6691199999999997,4.271971341395161
0.47637886097433846,340.4669999999999,4.059500000000003,2.98854354386895
0.4099689934261406,280.36699999999996,4.265900000000004,2.3024260025661647
0.8378538734343683,367.47200000000015,3.6467000000000027,3.8660779618380214
0.7021289932351362,363.3590000000001,-0.7937799999999988,5.442660659784765
0.3602542621546409,498.6240000000004,2.36008,3.8244563723095464
0.7198160759595381,268.316,2.29802,4.247493900318241
0.4733894505375671,337.46000000000004,3.974400000000003,3.0155531426927675
0.3381946898884846,529.7260000000003,2.637800000000003,2.5647842378818826
0.6172194152172086,323.43600000000004,4.532700000000004,4.756624045625644
0.7030161380372627,386.45500000000015,4.213420000000003,2.844736839964227
0.739144489208192,344.45500000000015,3.4796600000000018,6.556403495990011
0.9268752444845653,305.3570000000001,3.033590000000002,2.8554285841626452
0.7845154951114548,349.4340000000001,2.0101999999999993,2.5643750360223656
0.7338268515425954,302.37799999999993,2.4035,2.9666154390951256
0.2749934626240481,495.5060000000002,2.9063,3.676065392817998
0.4412511610697581,226.06199999999998,3.099280000000001,2.824724715246795
0.555578295246491,508.37600000000015,2.8547200000000013,4.273747398086883
0.2972251057374072,475.5670000000002,2.3957000000000006,4.588947792249802
0.304110294141947,488.61300000000017,4.566200000000004,3.3886009406173825
0.3838100061334709,537.6510000000002,7.337500000000006,6.054585689002682
0.8023619313478495,322.41200000000003,3.3016000000000014,3.933555376534513
0.6162811834891052,387.50400000000013,1.3071900000000012,3.15225526849009
0.27246173353446584,366.4370000000001,3.073900000000002,4.757746614788309
0.23697721810459665,441.6200000000002,2.5112700000000014,6.356792037793676
0.885957084721027,334.33200000000005,1.8515799999999998,2.4025661466002077
0.641063667131248,385.3860000000002,3.240120000000002,3.2423988872272336
0.712529364995301,383.37200000000007,2.967600000000002,2.787932198022707
0.46735919615874605,482.5830000000002,5.426300000000005,4.450775071852222
0.74304950686084,361.44800000000004,2.4632000000000005,2.4852300485365166
0.9433474857758327,309.34400000000005,3.500020000000001,2.7174101026441644
0.68687231835404,369.41700000000014,4.1659200000000025,1.8566971396217227
0.6809817385265693,420.34000000000026,4.8655000000000035,4.211360140047833
0.24797881254992662,545.6180000000003,1.681780000000001,4.02272669731175
0.7056473504363785,288.307,0.9414999999999998,3.715543998742384
0.7098533671908911,367.4270000000002,1.0202199999999995,3.339156402651959
0.74564466117532,433.50900000000024,4.419070000000004,6.072681964239089
0.3237403971040506,417.4690000000002,2.7316500000000006,4.989443662633644
0.6810234262066492,466.87200000000007,4.816320000000003,4.024449591174882
0.7774437021945116,375.45300000000003,2.5866,4.059129186395934
0.3826506895883674,418.54200000000014,3.906100000000003,4.239295384560659
0.64452336008629,418.47900000000027,1.7791000000000001,2.667477304260437
0.3909944997858127,415.53800000000007,4.258900000000003,3.4390299543362826
0.4148984265829906,524.6210000000004,4.993090000000005,5.104784084298027
0.655282333465473,429.9480000000001,3.9125000000000023,3.1503467202685815
0.6411670664742598,216.28399999999996,2.32247,5.117767689166245
0.6739990533292047,320.43300000000005,3.4666000000000023,3.33523679530634
0.21611452364734912,524.6430000000004,4.072200000000002,4.185430784769824
0.4294672485386227,324.3900000000002,5.0560000000000045,2.8430746287430644
0.3672165390400508,449.6380000000002,8.146600000000008,5.04998169883861
0.318846312920316,507.54300000000023,4.2070000000000025,2.938092372220348
0.22118442184907622,353.2240000000001,3.896690000000003,5.0082193650479345
0.8804066014664063,312.348,3.149300000000001,2.769785632354731
0.3583970943125891,452.54000000000013,3.081690000000001,3.2310314053172853
0.4701191062070016,468.56300000000033,6.844900000000009,3.7341548364192985
0.5326935495661391,350.4620000000001,3.943400000000003,4.058391133299276
0.5614649075442651,333.50000000000006,6.3235000000000054,3.041069003085041
0.24261352452945184,246.28999999999996,2.19309,3.765695011790731
0.6461902761260229,432.56800000000027,3.117700000000001,3.364720164485865
0.6248475859054659,294.401,2.2149,2.0744540717296474
0.42563640155868243,281.359,2.706969999999999,3.123087427472586
0.4616200894875188,493.6510000000003,2.626900000000001,4.5597155818856665
0.31805900533282155,451.61600000000027,3.720690000000003,5.669746906571016
0.35521564375701165,467.59000000000026,2.259489999999999,4.244779061184811
0.4077167714019338,395.5290000000002,2.2974000000000006,4.860430488058835
0.5375444909782718,406.52200000000016,6.584300000000005,3.129138920154306
0.6043995252275454,397.4770000000001,3.092100000000001,3.6600982290445003
0.4249901171184426,424.52200000000016,2.740100000000001,3.4303877199528943
0.5871445369585487,394.4580000000002,2.8297000000000008,6.372683457202411
0.746855657864778,353.5310000000001,4.840600000000004,3.6376939164768993
0.7855838488880975,404.5320000000001,4.140900000000002,3.7806499558343027
0.7088828725258456,350.487,5.105100000000004,3.127738922480617
0.6426141099176021,256.305,2.6239,2.8023540717296456
0.06345034826920401,542.6880000000003,0.02540000000000392,4.929853006588212
0.8875235594011454,245.68099999999998,3.286200000000002,2.293667646446581
0.5378581691938304,380.48800000000017,2.8203900000000006,4.046697340347535
0.8215405431437299,342.37300000000016,0.8912999999999998,2.469451528756716
0.5622585214143239,373.824,0.2460700000000004,5.460590101156848
0.3436789960167044,404.5310000000001,2.745590000000001,3.6536709585221985
0.7430957629139066,447.5600000000001,4.050900000000003,4.194624858030091
0.4842050284519807,392.49900000000014,6.1906200000000045,3.2291899086401497
0.37336304714302854,403.48300000000006,2.0016700000000003,4.706805426075865
0.7185849076427975,383.8350000000001,3.2630000000000026,3.448720940849288
0.17610892502904069,536.6370000000002,2.3903700000000003,5.158953718437717
0.11983603726267167,562.1760000000003,5.218320000000006,4.768692643242199
0.8363522290040032,302.3740000000001,1.2849999999999995,3.162179160424971
0.2443126034800628,476.59300000000025,5.341890000000005,4.703982922013008
0.49191573698987,354.3660000000001,2.3705999999999996,3.1754465600642936
0.40080769001301775,453.5830000000004,3.7943000000000024,4.2188069236132755
0.4721651274060731,506.53100000000023,2.1742,3.910407332020098
0.11955322016405812,403.4570000000003,0.6263800000000004,4.687853149181496
0.3221979199322288,299.422,2.4112,6.080521707793642
0.19004016586702813,378.4520000000001,1.7838699999999996,5.273140816551077
0.5809290132325516,382.33400000000006,6.056600000000004,3.003684627577525
0.3764457056770849,330.36400000000003,2.44057,4.270492685646824
0.3405772683282428,319.2030000000001,0.28310000000000024,4.0312648144235474
0.33469506356500706,383.4520000000001,1.4187,3.842234419054094
0.32857194853820215,548.7050000000004,0.8454900000000038,5.807085397351972
0.6026519352274976,294.35100000000006,0.9983999999999997,2.7003572605703265
0.3184032097494525,423.435,4.443500000000003,2.620053580249504
0.4772596329852788,411.54200000000014,3.7866200000000028,2.922729466956902
0.48148930094131537,471.36900000000014,5.168200000000003,3.1697024935764686
0.7789357500586082,448.28900000000004,3.0681200000000013,2.6102025663867376
0.3512020656776858,465.5720000000002,1.1908000000000005,2.8561882675948755
0.5837140670179459,270.303,4.598300000000004,2.371564601757486
0.3169108720706217,459.58700000000016,4.269700000000002,3.5735833386336244
0.577714231617715,386.44300000000015,2.5899900000000002,4.942280585461371
0.7939145796293882,286.331,3.104700000000001,3.464342559424212
0.6166879436391557,229.26299999999998,1.5498,3.960093691221454
0.36429860498242495,428.55100000000004,7.624460000000006,5.250432082847817
0.07544442908178604,429.53900000000016,0.7019000000000009,4.3810176078252
0.5148268131686813,541.0480000000002,4.561600000000003,5.63917439754185
0.07254989013592454,573.7199999999999,0.4973000000000045,5.580598152965318
0.8262806704971624,250.24999999999994,1.9182,2.5481248317529026
0.3617416674759033,401.4170000000001,2.2892,3.116001344134757
0.45143179533500105,147.18099999999998,0.9989700000000004,2.8050474826992158
0.6884135230750739,350.5060000000001,4.498520000000004,2.4609748680753274
0.641875113055187,529.6850000000003,3.8258000000000028,4.578129026706748
0.27071413993541565,346.3640000000001,3.3054000000000014,3.9116764691483894
0.3856120651168202,426.482,6.723800000000005,3.5878014158354983
0.39620114065852857,450.4670000000002,3.9042200000000022,3.436556735276606
0.4431927555631181,540.8410000000001,6.605000000000005,5.771101471034682
0.4438229367808704,551.0650000000002,3.2224000000000013,5.6262566918944295
0.34542708221078794,510.3990000000002,5.2493000000000025,4.00492942869991
0.5787895164441217,294.314,3.0403800000000007,4.057611269274669
0.242180424887143,548.0860000000002,7.2198000000000055,5.251996973928307
0.7537965536450882,428.9240000000002,2.2016199999999997,5.8416424787183345
0.5243453314770125,486.52800000000025,-0.11589999999999895,4.905241426077426
0.6422022504383201,341.46300000000014,2.5645000000000007,2.890766620792027
0.611856753249546,442.96800000000013,4.302600000000002,3.937392475740971
0.42392317255935175,398.42200000000014,1.3643,2.541764214738386
0.28330278289818217,463.5600000000003,-0.09959999999999797,4.438587500679105
0.6728291371515586,379.85100000000006,4.208500000000003,3.0963508139090274
0.885187543374848,350.82700000000006,3.239880000000001,2.335669549648772
0.2757116879815391,500.95800000000025,1.7292000000000007,4.014889278411404
0.7778937081181035,383.47300000000007,2.362240000000001,5.557542358599155
0.309355361995556,337.44500000000005,2.507680000000001,4.195656894561923
0.7797725021417519,323.44000000000005,2.4978000000000007,3.518548044829009
0.35715525632489226,227.69500000000002,1.4612699999999998,2.157298597227932
0.12567332200460882,484.6660000000004,4.642200000000003,3.36094200294107
0.7166887274093269,255.38300000000004,3.850900000000003,2.1524973510713252
0.770047323690359,434.55800000000033,3.4048200000000017,4.675274115686973
0.7354339801100275,279.292,1.5676799999999997,2.6900983534902814
0.41708402797055727,462.39800000000014,5.422600000000003,3.0633648219206933
0.6398883430993005,344.232,5.336200000000004,2.0428345803897834
0.5135277216402208,453.97000000000025,3.822320000000003,4.3811494741521635
0.37849394493054284,506.6680000000003,3.6121000000000016,5.448908065529244
0.6161237874032284,384.4320000000002,2.5035,2.5669699830378914
0.2914935308281476,515.6360000000001,2.3796999999999997,2.949496774856149
0.7827119779153244,433.38600000000025,3.514420000000001,4.652465660463401
0.8188419028304109,342.40200000000004,3.237700000000001,3.6185387142291727
0.6295862701912838,443.4750000000002,2.4409,4.054865723474066
0.13874278173853438,457.5310000000001,3.381100000000001,4.239483378235766
0.4253688593725728,496.5980000000003,7.034590000000005,5.157360805513976
0.3362245208063164,438.52200000000016,4.384600000000003,4.252337242010196
0.19403846451324153,543.6450000000002,6.666700000000006,3.077233609685196
0.532097848516933,337.5080000000001,3.097100000000001,3.9371427919825805
0.7878972618773994,250.34300000000002,3.0771900000000008,4.302927722598394
0.44658189279414257,268.098,0.6608000000000002,3.406027392000148
0.05542067429669809,647.3340000000003,6.214970000000006,5.587758530430464
0.7576184321608705,420.37200000000007,4.989600000000005,3.058814087315782
0.9030074980348458,280.323,3.587690000000002,3.131694818414516
0.4298924252752092,419.9090000000002,1.3202000000000007,3.173857388146267
0.8752520420226145,345.46400000000006,2.5360000000000005,2.9948207620299527
0.25195946733929125,630.6800000000003,4.265320000000005,4.311739247489211
0.4052979244263694,443.62300000000016,4.7039000000000035,2.7117263577805524
0.6468031819706693,355.54200000000014,5.978210000000007,4.953418958285525
0.48011514518568876,415.6110000000002,2.9024000000000014,4.521669640792233
0.5311826126177771,447.5380000000001,5.644600000000004,3.772503943562156
0.4720745147360146,593.7250000000003,3.9167000000000023,5.526962742462756
0.11206271312960621,502.0140000000002,6.959300000000006,3.736728150187284
0.3605425025941134,288.34700000000004,2.588000000000001,4.035191798569821
0.5285514463323784,384.38000000000005,1.8226799999999999,4.9883846511292855
0.27890519800601415,524.0210000000002,2.947300000000001,4.509898244575769
0.417805450797058,423.49200000000025,3.3308000000000018,2.7278037036023974
0.6749227636183512,402.89000000000016,1.5084999999999997,5.149119025556554
0.11569211024069102,651.8020000000002,1.3577800000000033,5.098992719240687
0.5890555980265436,480.6340000000004,3.7604000000000024,3.43180024725846
0.798721386301631,406.51100000000014,3.1323000000000016,3.587430097739402
0.5991904400167227,384.87100000000004,3.7303000000000006,4.15771072505536
0.7457394818069467,231.226,2.6743000000000006,1.7125646587636343
0.10244970887523507,509.62900000000036,0.728080000000002,5.669724328339385
0.3285946218246106,247.28599999999997,-1.1222299999999992,4.720021887530375
0.6674233222181808,481.6000000000003,4.6166000000000045,4.13229138917387
0.33098310818516213,462.61100000000016,6.704000000000006,3.1600608596253448
0.6914520297580936,405.7230000000002,1.1155000000000004,3.208229221340382
0.790339763452538,317.436,1.1041700000000003,5.146362567660619
0.3459701778903332,490.67000000000036,3.2014000000000014,5.85924500994879
0.21110781413873647,361.8040000000001,3.1454200000000023,4.8643129884146825
0.30120597344868694,338.36800000000005,1.6655999999999993,3.907416709315462
0.5634619522921761,451.9250000000001,6.416900000000005,2.9984211829553775
0.7357075672444015,291.34700000000004,4.247300000000003,2.7234616126094835
0.5035315761767548,390.4470000000002,1.5304799999999996,4.891557598996314
0.14377702023109776,519.6700000000003,6.8913000000000055,3.847371678138823
0.774329216788458,258.36,5.0241900000000035,3.3804073990592602
0.3164821371473508,453.51000000000016,2.7456200000000006,6.372514932573144
0.9156759309242546,341.7900000000001,2.920490000000001,3.080895728508578
0.4473874498291576,407.4660000000002,3.8446000000000025,4.655045712786034
0.8217230354191556,377.44800000000015,2.3621000000000008,3.8606895959447147
0.4640593542448895,245.27899999999997,-1.195399999999998,3.0189997681608043
0.3376363050694186,439.4850000000002,4.494900000000004,4.115667890238373
0.640071768670341,342.81,3.722620000000002,3.3591290152414537
0.6197414735113838,374.288,2.9305900000000014,3.7300000035210434
0.9226797106615033,295.35799999999995,3.6202000000000023,3.9499888928359956
0.6442547444316811,370.44,5.363800000000003,3.3340606616110504
0.4310107564563656,468.43600000000004,5.332400000000005,2.6081426235660157
0.5056333184480831,493.97600000000006,4.340400000000003,5.309127250725016
0.5100476551946811,402.42200000000014,1.893299999999999,4.468414543440757
0.849875915290502,281.36300000000006,2.20268,3.193639448333082
0.40010347268640345,417.4620000000003,0.7605000000000006,3.5978930227895933
0.8695516648224451,245.25300000000001,3.136000000000001,1.5747095436389742
0.7354416127931226,437.52100000000013,2.724500000000001,6.555817483346864
0.8077443622734943,334.852,3.6579900000000025,4.563263351183039
0.6208707199742225,434.9710000000001,4.502900000000003,3.7508893223314956
0.4622899188145096,409.45000000000016,0.7079799999999996,4.862916626203969
0.41126302016116045,574.8130000000003,6.136520000000007,7.509675056326248
0.5040215562539578,353.39700000000005,2.9177000000000017,2.6377448740790452
0.17115288303083231,380.4890000000001,3.6958000000000024,3.7970737202328912
0.6755723119352791,175.19500000000002,0.7549999999999999,2.1938652560817005
0.3511384882347255,484.64400000000023,4.858800000000004,5.200913325320626
0.13570162275037623,619.231,7.999600000000006,4.855143259027222
0.4366963260198023,471.5570000000003,2.0145,4.339151640243603
0.523370527741375,477.56300000000033,4.830620000000004,3.998073972353499
0.4644527191017233,400.56600000000026,5.165200000000006,2.8798557094884067
0.049117558929634854,650.8610000000001,7.474470000000007,4.68390341063263
0.3060873104384502,359.81100000000015,1.0133000000000003,4.257772514222863
0.7967605704509074,287.721,4.027280000000002,3.098881503673434
0.20459773774533638,452.59500000000014,4.014300000000002,4.363574308357649
0.3942819437104251,411.38400000000024,4.428800000000004,3.0864885988140056
0.054379337439393535,598.6720000000003,2.7094000000000014,3.6444730337087776
0.4645060643314089,493.9990000000002,2.6547,4.515522028813582
0.33281057432464994,400.5230000000002,4.055500000000003,3.709927709599116
0.2724860722697543,367.47800000000007,3.6964500000000022,4.0732704065368655
0.4653449386762315,376.3660000000001,1.46287,6.2797677698608805
0.6209127288365944,410.8230000000002,3.5512000000000024,4.700085493868292
0.14441509325562835,342.40700000000015,0.7616700000000001,6.462523498354646
0.2441636182472362,394.36200000000014,3.1782000000000012,3.39821820482329
0.18857612444615474,518.5200000000002,0.2026000000000006,4.345128177189773
0.5071834499292212,443.45900000000023,3.877580000000002,4.32651652616735
0.21319870498668764,557.7120000000004,7.169600000000007,3.8002445314387403
0.3385872870392066,470.6290000000002,6.167770000000006,4.731157457586796
0.6581131897279155,426.4980000000001,2.675700000000001,3.4184605259168297
0.4409859432109882,492.64000000000027,3.310970000000002,6.446354548482114
0.8365318579774876,349.46900000000016,3.9905000000000035,4.124397604530159
0.5793528083023571,282.34,0.9078999999999999,3.5242288131429174
0.6541701459475069,307.3930000000001,4.455720000000003,2.5168557493051953
0.7341794552975338,372.46500000000026,2.5539000000000005,3.1229547760652467
0.5410919172331733,398.5030000000001,3.184100000000001,2.8282020434407578
0.6770774943682784,328.5,4.4973000000000045,3.1314607617872054
0.7903897894572776,285.3070000000001,0.9702999999999999,5.07058361442845
0.3580968773624166,399.4740000000002,2.6066900000000004,4.563462009534601
0.7122443116746549,308.789,1.05219,3.822647676221343
0.7822917495099707,298.38599999999997,2.977500000000001,3.625626154389553
0.4636155768213929,467.56200000000024,4.404400000000003,4.618038919646968
0.6107220415282635,366.35600000000005,2.4438200000000005,3.658961386939236
0.338854555701448,406.4600000000001,3.020400000000002,3.308309445503916
0.6931117293641513,335.46900000000005,2.8873000000000015,4.406313613123961
0.37437767148345086,459.5400000000003,5.500400000000004,2.6800164142440526
0.8183741327900365,334.379,1.3598999999999999,4.718022973480791
0.21028901588148152,592.6500000000001,2.49976,5.597641599813747
0.5939758180402861,231.21500000000003,-0.7286000000000004,3.12840962603041
0.8114694488237408,386.49300000000017,4.189790000000002,4.550633933959983
0.8748303284975928,243.241,1.5499800000000001,3.4654026598072
0.6167306864580591,287.411,2.7730000000000015,4.082896079448563
0.8298492348232754,389.8760000000002,3.3533000000000026,4.49195509776415
0.47115455548140406,391.38400000000024,0.11680000000000085,4.023517603834261
0.5432634790412518,517.4050000000001,3.151200000000001,3.8133409606806428
0.5347213496328801,554.0650000000002,4.705400000000003,3.868928856036904
0.4933062741677148,321.295,2.986300000000001,4.97852325247316
0.8529909123836502,348.40000000000003,2.2060000000000004,3.6820272033406027
0.2870072615628586,435.4170000000002,2.343420000000001,2.6075276531081
0.8058278133655934,339.3910000000001,3.228100000000002,2.605506834568528
0.3518171264156639,408.8070000000001,3.1904000000000012,3.7408536985088165
0.6759627721595424,402.97200000000004,5.532500000000004,3.092856566386738
0.4759360543167388,550.0840000000003,4.828700000000004,5.686178914126183
0.30080985639360636,507.5910000000003,2.8977000000000013,3.826580015539056
0.5416182352418367,419.83200000000016,3.140480000000001,3.479871609152055
0.798133059219425,315.442,3.200800000000001,2.943448406128093
0.28923418696057207,407.4740000000002,1.66257,6.470059054738199
0.25102113411321186,508.4000000000003,6.772720000000007,4.084628497474529
0.7526349805213653,298.47400000000005,3.6765000000000025,3.731110803106116
0.6255573673739779,316.21999999999997,2.777700000000001,2.6197877356867103
0.47188489065402695,400.8450000000001,3.587200000000002,4.531556769428176
0.5657266710254119,345.467,5.8742000000000045,1.923092753563365
0.3246463227155505,558.44,5.129900000000004,3.7894947905753398
0.21672900291145902,419.4380000000002,0.2508700000000014,3.58485428339492
0.3017823704288999,566.6360000000002,3.3832000000000013,4.079796625149814
0.3792957465676358,533.0250000000003,3.169500000000001,4.5159555615270754
0.21779242160363582,426.30600000000004,4.186170000000002,4.020694340281526
0.23088034173832495,554.7150000000003,4.971760000000003,4.539710360255114
0.22960570980033895,474.5170000000004,3.760500000000002,3.791855239259916
0.6323351547774946,362.5420000000001,5.820320000000005,3.7145625628001966
0.7339849192749446,381.28400000000005,4.280120000000003,2.237189635218492
0.10662244301721895,660.8330000000001,6.8790000000000076,5.739178475266393
0.15971601903370336,613.7460000000001,4.2009000000000025,4.139477654236041
0.6503349370776436,455.57700000000017,4.990900000000004,6.411755527571583
0.7848980337450552,299.338,1.5284999999999993,3.1624385869150498
0.711542586375665,410.99100000000027,5.340890000000005,4.791802605379475
0.8354099722448305,352.3940000000001,2.4412000000000003,4.540547353282427
0.7563366394691268,364.49300000000017,4.487800000000004,3.9434219321656645
0.4626750608244888,391.4280000000002,0.3634000000000014,2.8512251270802444
0.473694752715342,245.224,-2.783619999999999,3.229940433390291
0.44675635330934516,480.6500000000002,4.636390000000004,4.630368470035897
0.7167866733388638,432.5000000000002,3.2227900000000016,4.111876910987898
0.4787317801684462,256.334,3.7357700000000014,3.978768367168386
0.5872693791531242,419.57100000000025,2.5147700000000004,5.563010095817763
0.6988964227098535,405.54200000000014,4.588900000000003,3.4477930551102114
0.5559032688177047,413.8080000000001,4.540700000000002,3.4961925610283062
0.24423539743708675,363.3950000000001,0.9743999999999999,3.1967856843371774
0.7705578963186988,387.62800000000016,2.971700000000001,5.2076283778110195
0.7924248911821854,299.31699999999995,3.293800000000002,2.804984279772828
0.5876910536726335,396.49100000000016,2.8046000000000015,6.930705295355591
0.7518902972812869,410.61200000000014,5.053820000000005,4.636853320428349
0.4147438038342108,478.9760000000002,5.327400000000005,3.434002543909177
0.7776028020831601,331.7780000000001,4.049400000000002,2.9560088853998696
0.19881944069698274,593.7060000000001,1.499700000000003,3.1193445910439834
0.652074447870784,377.3710000000001,4.637400000000005,3.3150582299929274
0.519591229434855,404.44900000000007,2.7191800000000006,4.089965338951668
0.49733826483477556,492.44100000000014,5.088510000000004,4.4703710614921786
0.6885298075236472,226.31900000000002,4.035800000000003,2.4425382741482498
0.4153381459818612,449.6610000000004,3.6487000000000016,4.9944498984915136
0.8954668963570912,337.4410000000001,2.3212,4.577584313484499
0.4666215383157051,475.7220000000005,3.7199000000000035,4.260212893653517
0.7808362843294065,311.36,3.6258500000000016,4.8377131735635235
0.21799206312291744,448.56000000000023,4.821800000000005,5.194553199861123
0.6397844124008669,293.45500000000004,1.8646799999999997,5.703141582963872
0.4212737324463114,452.5310000000002,3.5217100000000015,3.4813731505952434
0.33108382521979024,453.4610000000001,3.872500000000003,4.473147890238373
0.7104124320144654,456.58600000000035,4.946200000000005,4.00085984964635
0.929700964716683,341.79100000000005,2.8126000000000015,1.821097203340603
0.3102048326703989,534.5310000000003,7.187200000000007,5.724073752561326
0.11348771627326255,447.8980000000003,3.793100000000001,3.717703703602398
0.4770425697136654,409.4890000000001,4.338100000000003,1.988897279257511
0.3082184353771189,438.52800000000013,2.33057,3.924681235095763
0.8269532372167302,394.4410000000001,3.315900000000001,4.692473314424632
0.5995077125178705,408.51000000000016,0.9778000000000013,7.283273875429548
0.6415160828559674,414.5520000000001,2.213400000000001,6.929317724962919
0.8060693147443747,422.57700000000034,3.719800000000003,6.046179963307222
0.2765988284025724,541.6120000000002,2.6917999999999997,6.404160941539643
0.7384289845755855,380.2520000000001,4.265300000000002,1.9002920462403061
0.4463554479356332,395.4010000000001,-0.6968999999999994,4.696645456873805
0.6631306727454952,411.52100000000013,3.374600000000002,5.291026817884079
0.34560389585855356,422.51500000000027,0.18737000000000253,3.882786330232995
0.7424169333120224,312.329,1.4362,3.096788024722086
0.25967433255559774,273.25800000000004,2.2590000000000003,3.4972242700847493
0.7036165279490245,450.58300000000014,2.503300000000002,3.054566547023053
0.3793684065830572,490.0060000000002,4.968700000000003,2.545456988722643
0.4933727457610184,263.29699999999997,0.027899999999999814,4.506500430733468
0.32779325802293774,491.5480000000001,3.381680000000002,5.435504820012659
0.3389356796695869,467.4000000000001,3.610500000000002,2.350339364773559
0.26001327871352403,377.52900000000017,2.6037999999999997,4.629964724427619
0.4131845668085866,359.5040000000001,6.487600000000006,3.847133971050554
0.3511817980189501,432.6300000000002,5.081100000000005,4.865190316327233
0.832568185783266,366.4560000000002,4.757810000000005,3.841076848939741
0.38277673956907854,385.4470000000002,1.6339199999999996,4.07086235235497
0.663580706657637,359.4340000000002,0.7513699999999996,4.469694470011053
0.5701241205429866,313.785,1.7302999999999997,2.357918457459549
0.41525728417593494,504.0110000000002,6.536000000000005,3.855290757381864
0.2787272774066575,535.6920000000002,5.997700000000005,6.1442653394418185
0.3615775468906121,476.49900000000014,4.590200000000004,3.6008698373622874
0.8048847803308838,268.32399999999996,2.3639,5.1259379644540335
0.21601035989437678,427.5890000000001,6.239600000000006,4.288967122827485
0.2607041590892779,494.52700000000027,2.408899999999999,4.126483806295882
0.4972392066089894,444.6670000000002,5.274600000000005,3.069506282722502
0.09396176569198793,461.5250000000002,5.133500000000004,5.482554128689351
0.6093045114119564,396.3580000000001,5.263080000000005,4.558912957005839
0.7659062484108465,361.4450000000001,4.584300000000003,3.0500558319678914
0.8528455563867385,358.82500000000016,3.039500000000001,3.8288736268177317
0.3657385212598306,401.3480000000002,0.5942900000000007,6.3545165289303736
0.34954484518072354,369.385,2.59429,4.402764962650272
0.12208572218555602,705.5060000000002,9.934819999999997,4.468802148387338
0.6949530849371481,463.5780000000002,4.633320000000004,5.689822839721733
0.09909211965502611,473.5070000000001,1.7497999999999991,3.8003147893912317
0.6998841573277889,370.87700000000024,3.6770000000000023,4.293859377416592
0.44356571150376867,436.9870000000001,4.886600000000004,4.83600235797975
0.7242620221645615,249.72599999999997,3.4765000000000015,3.3440145964612613
0.9201931233548473,298.773,3.338680000000002,2.302998229813067
0.49194288549712817,289.73,1.2502,4.400974834480557
0.4731982767162352,524.4630000000002,2.8298000000000023,3.289198468109401
0.6728883573479423,329.33500000000004,2.0075999999999996,3.785924885437982
0.4473906306721374,368.5100000000001,2.4311000000000007,3.1716712477054188
0.7535730260106666,398.45000000000016,4.878500000000003,2.591253042976062
0.6987328950184398,324.44900000000007,4.688900000000004,1.9537879630190833
0.3479516482538978,435.94000000000005,5.193800000000002,2.8741297356559627
0.6669062867967251,414.59300000000013,5.031700000000004,4.9208293499269065
0.8823837436853509,323.36,1.2914999999999999,3.5605251116823267
0.7307852367129697,340.305,1.7026000000000001,5.052820183970127
0.6014186986929732,349.4750000000001,2.9209000000000014,3.448967204250021
0.5411083542936127,375.4440000000001,3.0222700000000016,4.5778265712189175
0.8847905344556278,353.46200000000005,3.376400000000002,3.799091631302378
0.7238124494727923,281.399,4.276420000000003,2.2135077664556366
0.8061245936604784,343.5150000000002,3.0497200000000007,3.3970546636216357
0.840930456908268,311.75,1.6347,1.9536265646222084
0.4525967869147392,325.4120000000001,2.705300000000001,4.345145126828036
0.7299113304378861,356.386,-0.8662999999999976,4.4108747142291715
0.4640900501069503,408.52400000000017,1.4883000000000004,5.004799485317948
0.6566405881678785,243.22599999999997,0.19359999999999966,3.711198322745817
0.5464224041587978,333.391,4.318400000000003,3.8500367306821364
0.29810552859104694,417.57400000000024,6.009100000000005,4.187564825986395
0.49150934953185815,338.342,3.0742000000000003,2.317260851561258
0.793963803743874,389.547,4.240700000000003,5.337431738542093
0.7377268699171993,404.48800000000006,2.4567000000000005,2.221084062881287
0.3822828608943563,500.25800000000015,5.631300000000005,4.72955002784783
0.6096833562398297,440.3020000000002,4.626400000000004,3.2412481972869127
0.735384491974732,368.82400000000007,3.6698200000000014,2.601677566386737
0.8489415532581662,318.333,1.2021,4.753671149081475
0.39983816958946033,561.0850000000002,3.5570000000000013,4.0941391364181765
0.11026684075840039,457.4070000000002,-2.6675999999999975,6.197418485580945
0.5189274783766447,269.304,2.815620000000001,4.164632828358471
0.45902468795667156,357.47800000000007,5.5408000000000035,1.9973501687843385
0.8063020137856243,315.352,2.3977000000000004,3.963926545243016
0.7219105689838095,370.478,3.3496000000000015,2.1430420400709487
0.46092550653584907,366.4170000000002,3.690400000000002,3.6084550993369113
0.7807699221037014,316.40500000000003,3.316670000000001,5.197954964086264
0.13073960762538075,608.6940000000001,3.0084,5.399306426454093
0.1611943581801676,484.65600000000006,4.483080000000002,5.466499066497319
0.36358382619901475,403.4130000000001,4.3701200000000044,3.727284071983341
0.55925562090121,307.75500000000005,1.11082,3.570697860597722
0.5132452607998426,439.6010000000002,5.212160000000005,4.8107570083294
0.473962815561654,308.306,0.40110000000000057,3.8023027203736808
0.44359208689181806,559.5830000000003,2.0972,5.496307944742985
0.8393049441391358,300.333,3.495020000000002,4.0723295050291926
0.13820130231190852,447.5850000000001,1.1594600000000006,3.660090162391957
0.8664889984384817,320.37000000000006,1.2726,1.6404721592044123
0.47647728014128976,410.47400000000016,2.245,4.679682942397124
0.17225648560322332,456.45400000000024,0.6428899999999997,4.7795816412630625
0.7137168945010359,221.30000000000004,1.0085999999999997,3.2862702126524788
0.6990836911962695,294.30699999999996,1.1371999999999995,1.9559162994772628
0.7366146845298319,413.6260000000003,4.683390000000004,4.598892190040096
0.5364665009039401,360.80100000000004,3.954100000000002,2.979799665212397
0.6068726712595258,441.92200000000014,4.971300000000003,5.286014778666161
0.547504004410649,374.5720000000001,6.138820000000007,3.29607497780208
0.16178389140497776,421.4750000000002,1.7955999999999999,5.3574977000876425
0.6117802458440164,426.9480000000002,4.240300000000004,3.2246412946389817
0.6519765038488765,323.367,4.831400000000004,2.9202545622317757
0.6922065946209789,277.39300000000003,2.6838700000000006,4.945077655469517
0.9135715769475387,340.46700000000004,3.952600000000003,3.153134301092283
0.39622216448318875,399.47200000000004,1.9262,5.21010485288617
0.17603713679847638,526.7610000000001,9.167200000000003,4.183050699613485
0.24379020623568623,557.9020000000002,6.707690000000003,4.008024159220486
0.6600272572338234,282.303,1.3170000000000002,2.9115020819706317
0.5104214993894378,400.4640000000001,1.07817,5.181169840347534
0.6561861386027785,340.78100000000006,5.2771000000000035,1.945709953311285
0.596774683751116,313.229,3.379200000000001,3.4605118187252195
0.8526806146923712,305.78600000000006,3.4642000000000026,3.314714455772509
0.49876892264157824,411.8320000000002,5.234200000000004,2.687456775431894
0.5976900269620914,351.4020000000001,3.8884000000000016,5.1115619899948594
0.6639081176516322,414.9410000000002,3.294920000000001,4.136417495241314
0.4211389116978702,369.4690000000001,3.032400000000001,3.0769690387610984
0.24578150311669733,515.5820000000004,4.939600000000005,3.336553079790944
0.24806239396015242,478.6160000000002,3.1721000000000013,4.639093509352486
0.20312590729105695,511.89400000000023,1.7147000000000008,3.9904282282658965
0.690668760048123,332.44700000000006,4.632600000000004,2.3428081532498464
0.703642017472525,378.5140000000001,2.911100000000001,4.096623063588402
0.2716880677451103,468.9660000000003,4.5397700000000025,3.1506619959884983
0.274045753591772,462.56800000000015,2.75037,4.89154463231982
0.8449066727728219,277.72600000000006,4.162500000000002,2.924526559898421
0.31453658257358313,483.5310000000002,3.254920000000002,2.528456430013504
0.6451807181349489,301.36400000000003,0.6565999999999999,3.529385026160668
0.813195450739545,393.3610000000001,3.7044000000000024,2.4890427929586707
0.5408466936605093,119.12699999999997,0.52948,5.714213129426968
0.10769212753038752,501.0920000000001,5.805500000000006,3.187868144309861
0.5399110164337974,458.4150000000002,1.9897900000000002,5.834113859528875
0.32534303430218436,432.5280000000001,4.379480000000003,3.3223852420639357
0.42377540946589864,421.9920000000002,6.562290000000006,3.0943763796756487
0.3021260987124235,443.8370000000002,5.7622000000000035,2.954666037819905
0.5837245628345353,377.47000000000014,1.8380000000000003,4.773214752163842
0.19876503721653943,421.3140000000001,4.757200000000004,3.9392141048482756
0.6686351651721263,311.407,1.4215699999999998,4.731285687406646
0.6006816175432591,420.46300000000014,4.080220000000002,5.6528948694585495
0.42951061837741433,383.5320000000001,5.801200000000005,2.4575811925050974
0.5410279183434308,448.5710000000003,2.725900000000001,4.819714494929144
0.55347644708286,363.5050000000001,4.831020000000004,2.1493466718971916
0.6148792267565648,406.5740000000003,5.526800000000005,3.6578337561608354
0.814098446924004,336.8130000000001,4.994500000000004,3.1923350392460232
0.27643798354508303,636.735,0.6945000000000021,6.471839490543584
0.4464543585383096,393.4230000000001,2.3689999999999998,3.714742288875856
0.3732934875769889,339.483,4.452800000000003,3.052655082330488
0.22733832622764244,489.62800000000016,7.049100000000008,2.1818966979759242
0.541062083904221,414.53000000000026,0.668890000000002,4.747112753762428
0.4373774841813417,309.377,1.5406199999999997,4.2089751346271065
0.5603044241147839,130.21599999999998,0.47729999999999995,5.070140557129557
0.30772004516660545,337.85100000000006,2.9829000000000017,3.170120782589218
0.336318165116879,262.298,0.17008,4.043368656761146
0.7413566352159286,421.8440000000001,2.660000000000001,5.771315539546844
0.379655129356131,286.328,-0.7221199999999994,4.976043493702848
0.8426023756257859,340.3980000000001,4.0469000000000035,5.461109899484169
0.39873061883156674,442.9280000000001,4.722700000000003,4.4049066206521825
0.8986605510292077,333.4510000000002,2.3922,1.873831485308699
0.4191406582460873,426.46900000000005,2.3741899999999996,5.378342584163709
0.1919826841783517,535.2410000000002,6.259120000000003,3.8457957410529557
0.7389358037990241,401.49500000000006,3.5199200000000017,5.163147113319705
0.6992150099684682,229.287,1.161,4.207559075836838
0.3063836361781989,407.5140000000002,3.9848000000000035,4.407604159360466
0.918298834765293,312.36900000000014,2.3958000000000004,2.621453865707199
0.5466030302107956,430.9130000000002,4.159800000000003,3.7787949402829524
0.5794752580055621,438.48800000000017,1.6812999999999996,5.7865658934507165
0.5390351213089257,452.5700000000001,4.100580000000003,3.483839500932863
0.603704757863592,397.8090000000001,2.9780000000000006,2.8255165141109853
0.6151158886286038,398.5100000000001,4.640800000000003,3.2147744812799264
0.4830980285411332,372.44200000000006,3.7917000000000023,3.274767951002122
0.4539690999913129,351.36600000000004,1.56808,5.128957508407967
0.16514944445129004,756.6480000000001,5.6951000000000045,4.932565808704233
0.5847047122161247,255.31399999999994,2.6506000000000007,4.515906004917479
0.7350108616337229,405.39900000000006,4.919300000000003,4.394373996192929
0.398072571253404,358.8730000000001,2.39677,4.157932020068005
0.6305733007115347,421.49700000000024,2.620990000000001,2.902404126256666
0.11503979943909338,616.1530000000002,5.828320000000005,4.0513596698287495
0.8059905994541325,356.8280000000001,5.020500000000004,3.3852472836846292
0.6587314371272841,268.36000000000007,3.1235000000000017,3.790199502915571
0.8294390521513997,211.69199999999998,2.4255000000000004,2.910458271996111
0.441305619625102,480.63600000000014,5.338010000000005,5.974098380265683
0.6862591711827739,458.54300000000035,2.8881000000000006,6.233762782702268
0.6230938085565868,486.5750000000002,1.7590000000000003,5.503580128554363
0.38710205043896345,396.4910000000002,3.299500000000002,3.4951204160267206
0.6717177105565657,383.4540000000001,4.499900000000002,3.064259259693431
0.30719076252466876,463.96900000000034,3.449580000000001,4.215727422373125
0.5359229095359739,460.63000000000005,2.9441000000000006,3.313314622171836
0.5477263432717713,314.345,0.8174000000000001,4.774028432295069
0.32658058616083707,469.5820000000002,5.212900000000005,3.3130126800135047
0.31293980493290807,193.03300000000002,1.5934000000000001,4.83648309491792
0.6311054673285281,416.5250000000002,4.6559000000000035,4.88359361066782
0.46776433351852503,389.75000000000006,4.074980000000002,3.4509496624617215
0.7073289529265756,272.2509999999999,-0.21840000000000032,3.3695615942389745
0.6003563903378425,484.00000000000034,3.2264000000000017,4.881178757024686
0.5013580577177061,366.4380000000001,5.142500000000004,3.3075928497875484
0.24713070394515035,409.5480000000002,4.674900000000004,4.595097118454043
0.29272905664825527,333.391,4.299000000000004,4.351845466945873
0.8716232700864265,353.46100000000007,4.246330000000003,2.4967265788607502
0.6172669479680415,332.40100000000007,1.4090900000000002,4.255056491735627
0.10612902393632653,560.767,3.427260000000003,5.391400190763589
0.4396364926440865,378.4280000000002,3.3938000000000024,3.2383260062011257
0.5747531513853293,441.89400000000006,3.2958200000000017,4.0038555507455325
0.8859421683209082,269.72799999999995,2.4954,2.0456170626531254
0.3547417020734966,301.43000000000006,5.096500000000005,3.987551856556239
0.7540348327345565,316.404,3.650000000000002,1.7340659567527492
0.4956016851055378,495.6190000000003,5.578900000000006,5.161983192214577
0.1375269734395326,525.6700000000003,7.312220000000007,3.0735113870785327
0.7120829578581298,411.3040000000001,4.795400000000004,2.768493689722037
0.7593000635294628,295.7900000000001,2.4652900000000004,2.859614390786321
0.23028958103056124,511.6020000000004,3.7532000000000023,5.592919945078998
0.5323284440777762,386.4350000000001,0.28060000000000046,3.87513747978778
0.8392032516450881,327.46800000000013,4.445300000000004,3.7239185444909433
0.4944175482124416,424.5440000000002,5.062500000000004,3.4272816983235668
0.8788256541309067,359.42900000000003,2.542200000000001,3.963779881908229
0.8543347874258923,306.76800000000003,3.409180000000001,4.159418999043835
0.7349131089440888,397.41500000000025,2.0812999999999997,4.995045961159981
0.2851492891965665,364.40200000000016,0.6036000000000001,4.228639108748841
0.45130649493995173,455.3160000000002,6.431420000000005,2.994844787518483
0.4420214641016303,474.4770000000002,1.6071000000000004,6.910102922802629
0.7514408952014379,358.44200000000006,1.7933,4.368538334005081
0.5565402066962224,484.92700000000013,3.977000000000003,4.066858242016421
0.6072497406685594,247.29399999999998,1.23092,3.014551777915983
0.45960542374615815,414.8930000000002,3.231900000000002,3.7645190913416835
0.5222795900277273,545.6890000000001,3.700190000000001,6.508671043290187
0.7701932642687475,365.8420000000001,2.696900000000001,2.5710700026122932
0.13783192322304497,485.6100000000003,1.5163999999999993,6.4012979780990475
0.6635595771303419,399.4720000000001,2.6553200000000006,2.467997754452874
0.778877843929955,315.84400000000005,5.1227000000000045,2.2149569569522694
0.4078877422536276,483.6080000000003,2.28439,4.390243890842822
0.7812394187890795,285.299,1.7841,2.517165928124477
0.6137576223938846,213.236,1.7443899999999999,3.104176447376304
0.194438269732101,429.5860000000001,3.0810000000000013,4.727712803009371
0.3982897074007321,436.51200000000034,2.39677,3.9415750985356937
0.7649246785416234,409.921,4.451000000000002,5.087380565622386
0.6902316459622116,374.4070000000001,3.8565900000000033,2.890337923866271
0.5099106720670132,475.96700000000016,4.050100000000002,4.320626190518041
0.8538231039928086,255.317,2.7931000000000017,2.5075871378110737
0.6938348201865285,448.9540000000002,4.236380000000003,4.210533144780559
0.4298271020237844,467.61000000000035,2.9738000000000007,6.502868346642437
0.7138187077091226,323.889,5.025200000000005,3.6129398036294083
0.8168130234624617,392.8390000000001,3.4479000000000015,2.8936033566923225
0.5734226978627397,483.5120000000001,2.6610000000000005,3.4847580489744576
0.3998728987176989,534.6570000000004,3.920600000000003,4.173118797474173
0.39849491989662156,430.4680000000003,2.3353,3.162791835379876
0.49441417609842575,446.43300000000016,2.5051000000000005,6.384328689261384
0.757968867442716,391.4210000000001,5.270220000000004,3.628687547584235
0.5201812144952622,341.48800000000006,2.4799000000000007,2.6676088584488866
0.599729458254581,487.6910000000003,4.117200000000004,5.819755860156543
0.4681588048857906,385.34200000000004,2.3272200000000005,3.0906833244753837
0.8916814653898203,331.349,3.5063000000000013,2.708209976760326
0.6825237703638927,384.88700000000006,2.03169,3.340725021819493
0.3947556084123454,398.86,5.290700000000005,3.876559160218588
0.9352070563153221,280.374,2.890200000000001,2.687402756308657
0.7168161013089831,406.90600000000006,5.363000000000004,4.771253997167863
0.5182889422300464,390.83400000000006,3.1275000000000013,3.067031983103389
0.3482272817319852,440.2310000000001,3.8911000000000033,4.120749923020383
0.8520396381860901,340.44500000000016,1.6088999999999996,2.7500332285085776
0.7915187080367776,390.44300000000015,2.180699999999999,3.8473312503591366
0.9161071676658652,353.75300000000004,3.376000000000002,2.4480519099898856
0.8980418374679774,260.293,1.9671800000000002,3.9218244996509775
0.6196452043848704,471.93800000000005,3.3294000000000015,4.980133669886867
0.23767079570961314,461.5620000000002,4.839800000000004,3.2424911885768637
0.7442748245236828,397.4340000000001,4.1270000000000024,3.574149207563366
0.33453824660941617,402.8970000000001,5.294900000000004,3.7391850262225548
0.46201877183546697,314.38300000000004,0.2306899999999995,5.61157591611704
0.8687852660996721,263.2149999999999,1.6958000000000002,2.316733881526657
0.754654180093818,385.8990000000001,4.204200000000003,3.1214247784060705
0.1547570972648933,699.019,6.327200000000007,4.878868200941831
0.5105951263015875,406.48200000000014,4.561900000000003,2.1044572292135317
0.8724409976452748,378.42700000000013,2.0628999999999995,3.8530789828073297
0.8715519799417334,298.31699999999995,2.3662,4.171058493994627
0.36432938289731176,457.4810000000003,2.728900000000001,4.980054263616988
0.32141533743305895,568.6340000000004,2.67528,5.685148547363121
0.5184646090374737,323.37500000000006,3.651900000000002,3.4239044523416666
0.3308828465099759,209.274,3.0852000000000013,3.410217893384446
0.3762194407614392,475.9480000000003,4.660600000000003,3.810644708033456
0.845051780568262,339.39099999999996,3.914400000000003,3.727100460942154
0.7180215937270158,447.6040000000002,3.4562000000000026,4.651446947310333
0.34318987537773415,340.39800000000014,-1.6895999999999967,3.866046468117278
0.6131836497681356,415.4460000000002,2.7225800000000007,5.0360950451938615
0.6536259148905922,326.375,3.1095200000000016,4.015981576266842
0.35519149957472723,320.397,-0.2986999999999986,4.90501765264308
0.8225736073568166,352.463,3.322580000000002,3.581056219925289
0.35051546727493643,489.58200000000016,6.167800000000007,2.328984678173944
0.16615173678111425,467.5700000000004,2.7819000000000003,4.581090183332108
0.4374410990496592,284.363,1.7000999999999993,4.739360988554793
0.7903602807762244,333.417,1.1808999999999996,5.042632198631081
0.39742174843566946,129.11499999999998,-0.4973999999999999,3.658472154382748
0.30932774383128,386.50000000000017,0.8787000000000009,5.015916250603945
0.6824285585843225,314.424,4.341390000000004,2.3455439687780295
0.4805126451623313,449.36700000000025,2.4331200000000006,2.819197615328074
0.6910054025165476,348.487,4.031400000000003,3.9250083874480124
0.6793445277472325,313.741,0.9340999999999999,3.7614296118208896
0.22535706886453724,531.9220000000001,5.047400000000003,4.892201190713025
0.83248482023083,383.521,3.5164000000000017,3.7573147959844313
0.7921976032205377,347.4030000000001,2.622600000000001,3.9919812677888658
0.758984323656846,323.43600000000004,5.2134000000000045,2.6561780153776056
0.37455722364918503,80.064,-1.0040999999999998,3.045069200314133
0.7155188331103367,189.17999999999998,1.8658000000000001,2.1044648049538814
0.31997097573625505,481.5970000000004,1.305100000000001,5.246831064356551
0.7541988851112671,395.4630000000001,2.20158,6.221464372070677
0.7461528536972178,368.34000000000003,2.9475000000000007,4.506407713689407
0.7205136152938747,294.351,1.8487699999999998,3.4219281030837454
0.2464673763706169,442.55600000000027,5.248400000000005,3.138824295227721
0.7018590424610699,471.6230000000002,3.072700000000001,4.464506270706559
0.597085820024018,388.5520000000002,5.373000000000005,3.3711251399549775
0.540058129948597,386.4230000000001,4.148700000000002,4.320488714874458
0.35025673642516947,333.413,1.6809999999999998,5.049704141970115
0.3796501107482522,411.5020000000001,1.6882999999999992,3.422539715464347
0.7667540125868418,376.47800000000007,2.8760000000000012,4.981165015599035
0.21102433116407188,514.6660000000004,6.464100000000008,3.0415937291245854
0.49349615263244906,466.50900000000024,3.397680000000002,4.329563909644864
0.8885933099731138,375.44800000000004,3.446410000000002,3.83002582042835
0.7759911757360105,397.4940000000001,2.7094000000000005,3.7922471317360102
0.35978228223975567,543.0710000000004,5.114400000000005,4.113381600266033
0.7022774599142385,254.30399999999997,3.850940000000003,2.144784212029597
0.4428163275194341,476.96800000000025,4.216280000000003,4.600591855650068
0.18220226795024536,554.6320000000003,4.057400000000002,6.577517450642662
0.7259813284825715,322.335,4.907000000000004,1.673007385929818
0.902799377222705,320.37000000000006,2.8361800000000015,3.6751403063392987
0.736584752887446,352.40900000000016,5.452200000000004,3.541286406536866
0.8228617899156899,279.38300000000004,4.153520000000003,2.1565202827529006
0.6972507934469305,462.92100000000016,4.232620000000003,3.523038505085073
0.22629505080834728,308.43100000000004,2.50977,4.169057831935083
0.5831672137073551,458.6200000000003,4.463580000000005,6.517440191926962
0.11714666628958169,463.5310000000002,1.80858,6.301065977219741
0.49631446117531225,349.06500000000005,0.5364999999999998,5.467454883529138
0.7867171001161605,381.43600000000015,1.9865,4.07227292327433
0.6625802225262097,324.31300000000005,-0.6801099999999984,4.662033826900462
0.29560198508054386,414.48700000000014,4.809700000000004,2.784569462763116
0.2304883627515574,320.38900000000007,3.152400000000002,2.9541424172046042
0.9040807367355137,280.327,2.858480000000001,3.6912182298130665
0.247647160301433,445.5310000000002,2.2177799999999994,4.930792774281372
0.6607544862100372,450.52400000000017,2.5785099999999996,5.633106216180116
0.6459724754034499,410.8570000000001,3.8027000000000024,2.9134938371838768
0.3595931964287902,523.4970000000001,4.646900000000003,3.9621283249000765
0.5309245898000126,291.46400000000006,3.514400000000002,4.086318167010097
0.5888027795265826,496.5890000000002,1.4693000000000003,5.193692702232788
0.739370292342777,418.5810000000002,3.7072800000000026,6.02143131421881
0.4137398195332082,489.58000000000044,2.0896,3.712787213349694
0.05406380919807727,676.3820000000004,2.3177000000000008,5.066627409840882
0.1290295807400919,570.6380000000001,1.2883000000000018,3.942007529886621
0.8283304033932596,263.34099999999995,1.9638,3.684637608849471
0.2734939396556055,421.40600000000023,-1.3314199999999985,3.987358997059226
0.30527057306996874,439.5120000000002,2.0064,3.8531234777278067
0.1408141831669184,663.2160000000003,2.4318000000000035,5.324010210725889
0.6779501115448281,444.5350000000002,4.641400000000004,3.457799061372423
0.8489343962864786,222.247,2.8105800000000007,1.4007161893758777
0.39081919403985244,546.7310000000004,4.4364700000000035,7.077395054445234
0.8456996944485968,380.227,2.0010999999999997,3.3374486319120322
0.7918840533145021,380.5130000000001,3.7420000000000027,3.667706279023826
0.7217711466379211,433.5050000000002,2.050499999999999,4.0530824310166285
0.47380137781719356,485.9430000000004,5.3189000000000055,3.1815035146816104
0.7570771320198647,356.47000000000014,2.1296,4.113628106941723
0.9051366135283054,328.362,3.302900000000002,3.600285038788976
0.30380459818071104,380.5320000000001,4.388800000000003,3.8345275068188815
0.8528707243266438,307.349,2.6661,4.193401977647045
0.8403525814442196,269.388,3.5440000000000023,2.5214683019263546
0.2753380950651876,449.5510000000002,0.7327800000000024,4.102678167316881
0.8830318992742969,266.77200000000005,2.6004000000000005,1.797437145448928
0.4406297951318628,438.52500000000015,0.7644000000000004,3.3084485858339097
0.4752201709632403,481.0210000000003,4.664800000000004,6.1592887281416395
0.4958877529366312,347.37100000000004,2.1797000000000004,5.410639609167469
0.7378625080567958,362.8350000000002,1.6482999999999997,3.502565728640265
0.7218761173817217,384.43600000000004,3.4528000000000025,6.214635264872793
0.560524430731612,458.6020000000002,4.144000000000003,6.200178432574896
0.15235959924719203,431.51500000000004,4.612300000000003,3.4407988083525165
0.7653841257997919,312.333,0.7002999999999999,3.3362316550820035
0.4399449898649304,444.5500000000002,6.353200000000006,3.133230432106952
0.715841886400519,332.444,2.3678999999999997,4.132631464371089
0.9168901890696746,315.38000000000005,3.534080000000002,4.149299503374339
0.780784915054221,351.33400000000006,3.053300000000001,2.1618954905571837
0.7083370809814431,329.827,5.041100000000005,3.0761782345122946
0.29576503090010253,423.63000000000017,4.811280000000004,4.040765589961456
0.5336506502284848,379.2290000000001,3.018300000000001,2.4837907345122954
0.6998367457883574,408.5500000000001,3.728600000000001,2.8128310989278162
0.44217046895862777,401.938,3.9314000000000027,2.8849292819668104
0.5156569265429038,469.90400000000005,2.4767,4.523537414453496
0.8238511111642162,347.75200000000007,3.810200000000002,2.959358369600878
0.6915200627936021,405.45400000000024,2.16948,4.957705537794277
0.584277683609581,441.57700000000017,2.7125899999999996,3.4668625884752444
0.3845482352958698,448.4870000000003,1.6032999999999995,3.7608838338596566
0.1539264950497351,592.6780000000002,1.8090000000000004,5.651303257456238
0.6505882731917202,334.3370000000001,5.265800000000003,5.550796073751986
0.6724273632333316,345.4870000000002,3.359700000000002,4.293825879002355
0.3123663895959082,445.6410000000003,1.3634000000000015,5.2419362174925785
0.7530377882862848,238.30199999999996,3.518500000000003,2.5444311912214523
0.3503875643325534,383.5360000000001,2.6943,3.0567925386589456
0.6152407589067732,398.45900000000006,3.7474200000000026,2.1071746332702563
0.7710017633317445,345.4240000000001,1.7206000000000001,2.9909387041900946
0.36564096606536367,286.25500000000005,-0.6857300000000002,5.797288839861866
0.19363026204854328,557.4800000000001,2.7068700000000003,6.123579307958263
0.7569601071994028,207.27299999999997,2.1772,1.535866327059077
0.6018676804259799,354.41400000000016,2.21507,5.261099534460117
0.19811429679343853,514.8480000000002,3.2974000000000014,3.4314666731909487
0.3571230268417293,503.64300000000026,5.389720000000007,3.8786415479968746
0.16152411273488432,453.5930000000002,0.5036700000000005,5.167936725065072
0.4748190571990262,390.5230000000002,5.927520000000005,4.240115696755714
0.5090021560529439,321.33599999999996,1.7445,3.22283642389952
0.676089447035022,414.4650000000002,3.7490200000000016,3.338185970325952
0.5981538486165638,385.46700000000004,4.7889000000000035,4.071084910467624
0.6027339285542165,388.5110000000002,4.922100000000003,3.659407797723266
0.49166072650341913,530.6280000000004,4.789100000000004,5.5461565630662895
0.14860024902745508,286.3350000000001,3.004500000000001,4.7674036204321695
0.6267800946809291,162.152,0.15999999999999975,2.6534694734957505
0.08267918092710083,610.6960000000003,4.662780000000005,4.833833600571195
0.3033220531431995,480.97000000000025,2.231200000000001,3.2405069913619675
0.6959448164082214,420.5340000000001,4.1601000000000035,4.009421498369395
0.8676960839778115,363.3830000000001,3.808320000000002,2.5931776604883936
0.561186480892704,355.3500000000001,2.6709000000000005,2.8111353106694814
0.6774596559917248,463.5190000000001,1.9784899999999999,4.161576268070184
0.12367421443198225,375.4370000000001,0.25269999999999954,3.3385467410588
0.1780110020574408,557.6730000000003,3.1330800000000014,4.22560249211333
0.4472450627266235,398.3090000000001,6.267390000000004,2.8525988552425865
0.6221564694418705,361.8000000000001,4.066600000000003,3.1091870974984195
0.23365205282750948,368.20400000000006,3.2572700000000014,4.155414105765167
0.6923964366308007,375.5090000000002,3.1212000000000018,4.602033856574863
0.7014991628754093,338.4560000000001,4.334030000000003,2.816995473673277
0.5233191076325517,392.2380000000001,2.38692,2.9649215481217635
0.8518401387771729,309.4170000000001,3.382900000000002,4.449541901434624
0.4000276962395898,602.657,5.2907000000000055,4.259551175115162
0.30062705072569845,259.327,0.6705,5.14938530911126
0.8855263823950569,316.78800000000007,3.0375000000000014,2.910071536798597
0.6397619875048127,412.8770000000002,4.152980000000002,3.0177029815270604
0.33676549765096275,416.5220000000001,1.9397000000000015,3.3712429178577246
0.690246185222106,378.375,5.027800000000003,2.616879436776623
0.6327559601280405,247.38200000000003,4.119100000000004,1.6291412178471205
0.5380178027878492,357.3300000000001,-0.5942999999999994,4.60013403562011
0.7255094518112654,381.4320000000003,1.5641,3.329494275431893
0.7733931339083894,283.412,3.4616000000000025,3.991356658856068
0.04615893769416471,570.7040000000002,3.8855900000000023,5.291868028902028
0.21709385725008637,465.6010000000002,0.19938000000000078,5.282299067280172
0.8111287392698383,351.6030000000002,3.7817000000000016,2.57516478062859
0.5049536255284045,389.42900000000014,2.641300000000001,2.5922876001996595
0.6768589821413665,265.35299999999995,2.470300000000001,1.77428464744324
0.6503924908091185,342.4870000000001,2.3950999999999993,4.413261713525543
0.3439845177810367,269.433,3.131870000000001,4.116383688652021
0.1252913298833485,660.8420000000002,5.965590000000007,5.008542634834395
0.705790711170081,312.38800000000003,4.5785000000000045,3.3767594914247656
0.10321873780743274,471.5130000000002,0.06890000000000096,3.9034617315808005
0.5775220812993712,524.6300000000002,4.099200000000003,4.767178542905562
0.3968503246472233,262.333,1.6796900000000001,5.101141944513806
0.41157183089484933,269.393,1.1149,4.0164214287316184
0.7222745682431536,233.311,2.3383000000000003,3.2407006082946594
0.5916472760063601,457.49000000000024,3.379660000000002,5.206760235251023
0.41263659403194297,349.47800000000007,5.410040000000005,3.4591049373034917
0.49212015998503045,401.3770000000002,7.1512000000000056,3.126460796855268
0.3992493546017787,426.90000000000015,3.036900000000002,3.008350730031175
0.6087187369203423,356.3720000000001,3.9021000000000035,3.6321756433098145
0.4036555875799866,446.6420000000003,1.723700000000001,4.398039812585957
0.9179223499721828,332.46300000000014,3.239300000000002,3.5977538432887997
0.18754143100142304,569.695,2.8311899999999994,5.132507772751353
0.511854564476578,337.4240000000002,-0.6927999999999976,2.4131113107773494
0.30157024771171953,356.44200000000006,4.297100000000004,4.608968297368441
0.5827030176192523,231.295,2.790000000000001,4.337380043379017
0.12840734284657984,504.61200000000025,4.017700000000002,3.629546056438657
0.2037882428359038,597.695,6.642040000000006,4.332004349756883
0.91554150037192,347.8210000000001,3.828800000000003,1.7379759478027257
0.806757163240188,319.332,2.498500000000001,3.452807747739346
0.44848811683366435,381.4520000000001,3.447890000000002,3.41997526991503
0.2523484853237929,637.1530000000002,5.079120000000005,4.160900354319871
0.6632465078243511,480.59000000000026,3.384000000000002,6.699319803591
0.8073801397520489,381.84200000000004,4.275700000000003,3.642824063736123
0.41529539157964473,358.4860000000002,2.6714,2.456542720232891
0.7859596120078749,315.3690000000001,2.6179000000000006,2.5242034093374706
0.9235166229499356,303.40700000000004,2.9719900000000017,3.5630396732513097
0.6369937333613844,376.4350000000001,4.423170000000003,3.981559846351252
0.49522369437856584,320.36800000000017,2.1241000000000003,3.853758346851773
0.2514268194786516,505.14900000000006,6.607900000000007,2.9872732569365805
0.5454013990375196,340.46700000000016,4.413800000000004,4.274191135486997
0.7812451175244961,352.3730000000001,2.42108,3.0138916516258227
0.7905945798268421,373.2830000000001,5.026700000000004,3.8662992691761744
0.6843317504971045,278.395,5.373020000000005,4.748857864271235
0.33303438591798223,396.4470000000002,1.81956,3.0286187676750718
0.30000488686375154,352.3980000000001,1.8850999999999996,4.147080566386737
0.5335648652370263,396.5970000000001,4.347100000000004,2.265453042976061
0.7959101828996064,283.77399999999994,3.6174000000000026,4.111552014443877
0.812274854743051,268.36,4.673200000000003,1.4362807821288381
0.3940938025836953,363.42500000000007,2.1236699999999997,3.273032641999965
0.7643046176260414,417.9560000000003,3.1431000000000013,3.8869089605139635
0.39884850548230577,469.60800000000023,2.1893000000000002,5.119705779046642
0.5125783179085169,410.89200000000005,6.030000000000005,2.7535792546352766
0.6066585095753529,248.253,2.6340000000000012,2.6313849644534546
0.10768309548169523,402.5230000000002,1.3376400000000004,5.096161063359942
0.8132114205959067,398.4060000000001,3.460700000000002,3.9463431926072525
0.552836655479161,356.4700000000002,2.1271999999999993,3.957756261006719
0.5624410836156436,428.5360000000001,4.210300000000004,4.13654437266889
0.38972694751853315,481.6400000000003,6.116800000000007,6.332858093937742
0.26083460201645253,603.6700000000005,1.8210900000000003,6.2476052706219996
0.7058924914855231,389.48400000000015,3.3367000000000013,5.706920871992278
0.36791234854480465,400.9340000000003,3.8236900000000027,5.118104077120483
0.2300700420368439,491.10000000000036,8.044120000000007,3.440390457048669
0.5114317586351391,391.5340000000002,0.8820000000000023,3.5523650729216545
0.32352933033835635,466.9940000000001,6.081540000000005,3.531900316273875
0.9169134681224624,342.3740000000001,2.6827000000000014,3.4506719719625956
0.3075304025863616,595.9710000000003,2.5997000000000003,4.88683002080398
0.7948792197086271,252.29499999999996,1.2412,3.452657377800831
0.38236599653951076,431.3670000000002,0.4677999999999994,3.3196656590046416
0.17207190989626311,368.3890000000001,2.5325699999999998,4.740868949597297
0.18611720180075222,387.3480000000001,0.9845000000000003,2.8183108413659603
0.22546826487501226,436.50800000000015,4.105100000000003,2.5925372284483466
0.8703795591398139,265.6619999999999,3.555900000000002,2.431589233179496
0.7220570000473158,242.17099999999996,4.035300000000001,1.7187474329043866
0.35510259812735856,453.8750000000001,3.290300000000002,6.601995363426946
0.5733258936577446,426.5460000000001,4.408400000000003,3.239741406743496
0.7514457762056532,289.338,3.351180000000001,2.405595317484524
0.43554741942947894,333.298,1.90697,5.457568698186376
0.9292754640191294,308.164,3.977480000000001,2.5396477124646424
0.30455846255512065,379.85100000000006,3.4850700000000012,3.8824692816760784
0.29578372410784803,535.4700000000003,5.450100000000004,4.196845365758488
0.5788659525199369,355.3980000000001,2.7112000000000007,5.110636441018977
0.2868914309729374,636.5800000000003,4.2752000000000026,4.977266216840873
0.8646521513281982,316.36,4.605680000000003,3.4094214917728243
0.3762446996214235,570.7990000000001,6.995580000000008,6.190072539814416
0.6392476652388943,393.44300000000004,2.8848200000000004,3.5298811792537705
0.774822515615401,249.28499999999997,2.1318,3.3653529584497353
0.7117780527760328,308.29699999999997,2.4311999999999996,2.465445367379429
0.8013489088116785,367.79600000000016,3.4244800000000026,5.225615528456398
0.4858819454550873,511.5320000000002,4.217490000000003,4.831244137454876
0.2665017715614644,506.65200000000027,4.560590000000003,5.212617646446009
0.5186812809985375,500.66500000000036,4.501200000000003,3.839305972777934
0.19121495114613227,499.6120000000002,2.1771000000000003,4.761239356904341
0.6532562694485898,340.40500000000003,0.6539699999999995,6.321781610610022
0.6772358247958772,367.45300000000015,2.7357000000000014,5.218847588192224
0.9019377460557587,278.763,2.4488900000000005,3.355149496961359
0.4895201950432061,375.4900000000001,3.5131000000000023,3.46955973182404
0.44623294144373316,359.744,2.7986000000000004,3.0212296977151043
0.516763376352059,445.0070000000002,3.405000000000002,4.791924665672059
0.7076513063243031,414.94000000000017,2.5112000000000005,6.848414872710907
0.8511975349478748,295.3860000000001,3.851700000000003,2.1629356648790647
0.41387790111571376,331.4780000000001,2.1029999999999998,3.3216850944909044
0.5152565632648929,416.56600000000003,3.872200000000003,4.264160285198999
0.6585806341308507,423.53500000000014,5.7727800000000045,4.678966203224903
0.7942359301949463,319.421,1.78389,4.652794810626711
0.668370934929508,441.8650000000002,4.079800000000002,5.2270205458016505
0.5147672028745666,326.3600000000001,0.59068,4.562313346976444
0.5959344495199269,360.43200000000013,1.7854200000000002,2.9285074905022075
0.20372949883206762,517.6710000000004,6.194920000000007,4.504242989616152
0.46709738054033434,385.52700000000027,4.923300000000004,3.322708399363518
0.7025796374626989,331.3350000000001,2.7899000000000003,3.4241993130997193
0.824792896965604,345.487,3.1297000000000015,3.6629850763267715
0.6808122290316755,382.46000000000015,3.697000000000002,4.327110267477014
0.17428349223351364,486.63800000000026,2.7231000000000005,4.1273319752350455
0.2895023225869269,576.16,6.648900000000008,4.566054518313482
0.8021253682689071,229.23499999999999,2.1087,2.297757927994404
0.6032913774640659,404.5070000000002,2.4142799999999998,6.098003752842467
0.567293116400762,384.6110000000002,2.6987000000000014,3.919952140248763
0.837990428630902,334.8030000000001,2.7349200000000007,3.163339772973835
0.2811359755923076,229.623,0.44079999999999997,4.566559154306875
0.6712300143146814,347.802,3.325680000000002,3.2537127979863003
0.3946560976041209,414.50300000000027,0.2992000000000017,4.812721973743305
0.5425349720783861,415.9170000000001,5.139420000000005,3.218709242964361
0.29901348704894753,394.5400000000001,5.547700000000004,3.770085850103598
0.7910906538701907,354.88100000000003,3.820400000000002,5.137122848300474
0.6065674170293502,253.309,2.2967000000000004,3.2713709215464952
0.8845062798992186,297.76300000000003,2.7636000000000003,1.963074091453512
0.5799235565246779,465.5130000000001,3.4571000000000014,3.6010044640254284
0.2599456172545925,387.37200000000007,1.2685899999999994,3.24964966883646
0.8349664448078107,339.347,2.5779000000000005,2.3942283730300655
0.8239460564478198,325.4150000000001,1.8334000000000001,4.553672969572061
0.26041205442325044,475.60100000000045,5.081880000000004,4.340950772614157
0.7524243715384059,400.4820000000002,3.474700000000002,3.1248619698011284
0.8442546064509898,355.869,4.548500000000003,3.5756869994036924
0.543660314218847,351.4790000000001,3.0787000000000013,3.110148537865232
0.3458920340929756,432.5410000000004,3.823990000000002,3.3075284155646667
0.4388278949516172,381.56300000000005,5.491300000000005,4.253024841612658
0.6598393446521191,398.2930000000002,4.668700000000002,2.871764123676183
0.8362011617850118,376.81900000000013,3.0876800000000015,2.827926130850443
0.44452388582959973,396.46900000000005,5.874220000000005,4.647552033285664
0.32004618145729985,453.92600000000016,6.663400000000003,2.8092221651408575
0.7011896858937737,427.7590000000001,5.049800000000004,2.5728268060367316
0.49909348167817286,268.37699999999995,1.1943899999999996,4.321676804820248
0.543764233276692,340.82500000000005,5.884400000000004,2.353145765019267
0.5745001895497115,414.48100000000017,1.2658,2.8120466922085328
0.38873470839890617,431.4480000000002,3.716000000000002,3.296631339097205
0.3629052540302756,369.49400000000014,2.9697700000000014,3.9826150219214806
0.8464859551150747,288.7340000000001,3.228720000000002,2.731619690486621
0.06883515858279597,456.57200000000006,2.1910800000000004,5.375703274853757
0.8439291538325321,256.664,2.9829000000000017,4.540771389532864
0.6610300009126415,351.26500000000004,4.195000000000004,2.6945230828408295
0.28834944431408943,426.4960000000001,2.4284,3.8264198839737507
0.3521626526493715,550.6330000000004,3.887900000000002,4.465114463298627
0.5877357569257086,401.4480000000001,2.8946000000000014,2.998612802695769
0.9006549337109471,266.34400000000005,3.2845000000000013,2.8077335990357
0.5399553757153819,464.47700000000003,2.199,5.403086345773115
0.31651589466051583,448.5100000000002,4.301800000000002,4.667993502937252
0.6993198865422137,422.83400000000006,4.4562000000000035,3.479085941158533
0.28009330329606713,343.3240000000002,4.032000000000003,3.163641988835024
0.17031171636873593,560.0900000000004,7.324500000000007,4.284164603655866
0.4729521006635535,332.4650000000001,4.4886000000000035,3.541152272973834
0.8146570983605963,256.26099999999997,1.593,5.576711234265506
0.0224156343074172,791.9090000000001,2.386870000000002,4.9734956544245
0.6849936246154028,453.94800000000015,3.672200000000003,3.997511582184173
0.8695048215844973,307.80600000000004,2.5044200000000005,4.562975789387719
0.7032313204808784,331.4150000000001,5.947820000000004,2.6951998136265907
0.875921466914464,293.363,2.738100000000001,2.0739462686036703
0.14034662372222084,715.859,4.488600000000004,5.358212667027063
0.5906673897610151,443.5290000000001,1.45752,4.823815340955323
0.21548802533948477,576.7260000000001,7.241900000000006,5.211960887492358
0.10467722688329381,491.68400000000014,3.100800000000002,3.8413329336391273
0.39179029361964884,347.3930000000002,-0.02980000000000005,3.90003167764009
0.890783704023794,342.779,2.0564999999999998,1.8342418187252179
0.6430777584211798,401.4850000000001,5.578800000000005,3.967499480449579
0.5815582932024066,393.38399999999996,4.885400000000003,3.2847724911086207
0.464367422615785,426.9440000000002,3.8679000000000032,3.7451723291217407
0.5988318592680439,397.50000000000017,3.3153000000000015,2.7922800410932194
0.3622695318391866,325.36400000000015,2.6952000000000007,6.331587720558398
0.8183488971117763,333.3340000000001,3.7062000000000026,2.620459617176831
0.24962627605001791,487.87900000000025,1.911,4.452894474308005
0.5284198027350593,457.5520000000002,2.883180000000001,4.234809716559632
0.6061322083748663,356.4260000000001,1.7014999999999993,2.7171481557465604
0.7976347112664903,308.381,3.028500000000002,4.064510753814574
0.5408794604528702,447.89200000000017,6.140100000000004,3.819130759305316
0.3921738756816337,427.9350000000002,6.546100000000005,3.227480316364529
0.671635123846525,314.43500000000006,4.368420000000003,2.8308113127398613
0.07024851278312838,560.5880000000002,6.004100000000005,3.4373608296724116
0.7107158879198529,296.374,1.1995799999999999,4.621749505029193
0.3158023808316358,594.1790000000002,6.169490000000007,6.23114602797774
0.6440565225007233,345.87,4.933200000000005,2.673674944458245
0.48310796407682804,472.50800000000027,4.8368300000000035,3.940020833000487
0.46214985209515974,308.8090000000001,3.110100000000002,3.474286479149937
0.25024466753741903,442.49300000000034,5.155200000000004,2.2394540925393027
0.7795894004868592,329.807,2.664390000000001,4.232192603508577
0.34693034506913945,375.396,3.538000000000003,3.3460328289611763
0.627192221288964,419.4970000000001,1.7542999999999997,3.829026418920801
0.1955591237712356,332.40800000000013,1.4577000000000002,4.862176242904044
0.45028236546645667,515.7020000000003,4.687120000000004,4.071742774069919
0.7055132502932179,355.41400000000016,1.9272899999999997,4.8435773444680486
0.2559731352094716,496.59400000000016,4.3497800000000035,3.2392034372096754
0.729517715950366,451.3240000000001,3.7108000000000025,4.153759967444465
0.23424497789765095,535.5960000000002,5.893000000000006,4.385656177913365
0.6529274884744088,350.357,3.814600000000002,3.328912282985927
0.639132289997945,163.176,1.5659999999999998,3.3376130546205074
0.5529551128636504,312.41300000000007,3.203500000000002,4.101755743301476
0.6351760383015234,425.3180000000001,2.1932899999999993,3.7180059967157106
0.7032153063884853,375.4690000000001,3.1210000000000013,3.7438131757676345
0.4864768089552652,441.5320000000002,3.5893000000000015,5.036609993474559
0.6198731855153218,228.15599999999995,0.7372999999999998,3.702020247048087
0.4295093146827726,392.2860000000002,3.602000000000002,2.7584136833519644
0.38476096530201515,462.5980000000002,2.5012000000000008,4.38221932817754
0.504071745521834,411.43600000000026,0.3169000000000006,3.188474520907464
0.18747858192416691,260.22599999999994,-2.21061,3.9534346998572634
0.6301090777292624,483.5120000000001,3.3244000000000007,2.217709684451375
0.6412039548547761,311.45000000000005,5.581700000000004,2.705993495413809
0.3918771896401557,424.5660000000002,4.951850000000004,6.020516551158477
0.5602064031596634,511.0700000000004,3.2162000000000015,3.839642428903371
0.15540399815319653,440.56500000000017,5.0522000000000045,3.72653054288822
0.15824820637579035,526.4470000000002,3.9044000000000025,4.14305682534758
0.6025722430709132,406.4900000000002,2.964100000000001,3.1335362705004277
0.6520431775759427,426.90800000000013,2.235319999999999,4.3939266904140135
0.4784052178315055,379.5480000000001,4.533000000000004,3.3112047304037517
0.2988358982408853,406.8700000000001,4.0445800000000025,2.9433192816760787
0.1009617799014506,510.70600000000024,3.495190000000002,6.874081484104517
0.43638340944770954,346.313,3.7083900000000014,3.8330178235795174
0.7113011455729451,321.46500000000003,2.9185000000000016,2.472801311435372
0.2416542406698208,521.6820000000004,3.9943900000000028,4.525747894734373
0.2310623543993779,669.553,4.059790000000002,4.643617957410228
0.16242719991200869,562.6300000000003,3.8389000000000015,3.5845935127516455
0.48713926371424837,433.5230000000001,5.204920000000004,3.1191665566231617
0.10620339919347926,413.3870000000002,-2.710899999999996,4.0703973535604465
0.33519120449823675,458.5400000000003,1.381,3.6777063577805515
0.5098630938440112,284.29300000000006,-0.5322000000000002,2.9872410676983137
0.09073752705903611,558.6870000000001,3.2945200000000003,4.661557687504136
0.4725004153271877,428.4670000000002,0.015600000000001557,4.171521306787402
0.6422229758028889,367.4260000000001,3.2396800000000017,4.472958092840839
0.40747435618224653,481.4370000000001,4.962000000000005,4.820405065435965
0.41990418756638964,465.62300000000016,4.632680000000004,2.7679637984345575
0.9053053006815365,339.82000000000005,3.487510000000002,2.6232787418021424
0.1898555146161757,482.5410000000001,3.188600000000001,2.9112697894402846
0.36817031151294344,307.34600000000006,2.1258,3.1727581714139816
0.8532282803210235,337.35,4.138100000000002,2.939535851561258
0.553133058507431,320.35200000000003,4.552000000000003,2.6395317050889187
0.40998930585158405,377.4930000000002,0.7836000000000016,4.215188714874458
0.4374955363389697,454.4680000000002,0.9504000000000004,5.610953570711745
0.38359492814975643,494.56400000000014,4.358700000000003,6.778037414724864
0.8367792875451604,354.4500000000002,4.371900000000004,2.6203506477011054
0.7502191804294729,414.57100000000014,4.345100000000004,3.7853509594735524
0.346344772031044,327.34400000000005,0.6030700000000002,3.299827209584425
0.815527164610886,281.32700000000006,2.9739200000000015,2.755411174003104
0.47090687510058155,458.6060000000004,4.880800000000005,5.2443843111848105
0.6151945036494538,360.413,3.745600000000003,4.028734154676913
0.5459922146329202,351.40600000000006,3.4562000000000026,3.2380305016094093
0.47224920693567696,304.3500000000001,0.30336999999999953,2.7230771973368846
0.2270642906181473,588.0790000000003,2.6637000000000004,4.026872765616833
0.6255237910742685,405.445,5.475400000000003,3.428542358522625
0.44382728262409243,466.48500000000007,3.954600000000002,3.0188386654728614
0.2493528803604043,501.37200000000024,4.880680000000004,4.440490562546868
0.48867985975347744,342.53000000000026,4.2729000000000035,3.249077203340603
0.2643264225727116,662.108,7.550300000000007,4.203016096835779
0.2906806434311553,532.6840000000002,5.033660000000005,5.726614853528796
0.3840585475254857,352.8180000000001,3.137080000000001,4.159788419288075
0.18672800327747582,433.373,3.8336900000000025,5.3989838657245315
0.7126354959526968,358.42000000000013,5.044200000000004,2.7101362831622673
0.8460356536442577,382.50800000000004,4.192100000000003,3.8473421540435595
0.636535034826015,286.3950000000001,3.9144100000000037,3.7468180304872956
0.32238170553125733,530.5450000000004,0.4131000000000012,5.702704312490887
0.2912971265092197,388.87400000000014,5.575000000000005,3.746554336401104
0.7773487501495595,255.337,3.4989900000000027,2.8841950973706716
0.7847810945901533,360.4790000000001,4.162700000000003,2.2144403764481364
0.3592727009659458,418.444,2.8721000000000014,6.361741362890912
0.7089427667081992,345.4680000000001,2.3990800000000005,3.6641930028326275
0.3941526380013223,341.8420000000001,3.550200000000002,5.001958161203669
0.380860050026656,517.4240000000002,2.734980000000001,4.052677962471325
0.3848297782856972,402.30000000000007,6.143900000000004,3.635849151100576
0.44586053123506997,414.3800000000001,6.823120000000006,2.8098962046764715
0.3357011511998158,390.3690000000001,1.811770000000001,3.8900570951122138
0.8684898064443816,329.36000000000007,2.2163000000000004,4.559478538588916
0.22574821388784658,469.60400000000027,2.1131000000000006,4.998623286861194
0.7095206228013016,404.86300000000017,2.7510000000000012,2.667292144649359
0.6836822453532714,350.15700000000004,4.461600000000002,2.6505460229738347
0.5190570692581399,189.28,1.0914000000000001,2.7069738194723545
0.4137573155118591,329.39599999999996,3.159600000000001,3.307960444369767
0.5353349531468923,367.3760000000001,3.779100000000003,4.072793545296015
0.22968657006020862,565.0740000000004,2.2310000000000008,5.031223651673072
0.5542576278786896,471.5920000000002,4.334800000000003,3.9950398419629387
0.4796033706894957,454.5520000000003,3.6591000000000022,3.224276519000915
0.30833633152750983,395.8940000000003,3.741380000000003,4.311416775431894
0.40805204885927215,568.7430000000002,6.485100000000008,5.342926439136143
0.8068070976777979,318.77900000000005,3.784500000000002,4.929750137428523
0.7317904646066562,313.35299999999995,2.4033000000000007,2.3169790629146636
0.9265737532513657,344.35800000000006,3.1957400000000016,2.209997837489963
0.337897182703525,429.8880000000002,2.39916,4.002411704108273
0.17639892247933953,388.5120000000003,1.83222,2.8202327369703557
0.6239067358840217,444.60000000000025,5.5731000000000055,4.718736396014538
0.3688582889360068,403.4830000000002,3.7526800000000025,3.626649311121902
0.7206459259223055,438.9110000000002,3.779720000000003,3.281976184181863
0.5107851016338334,387.4550000000001,3.046100000000001,2.816369660047277
0.2963017217359749,577.6490000000003,4.3942200000000025,3.7509220338889246
0.8307852654100684,373.4320000000001,1.7532999999999999,3.4945678938962415
0.5357717924064277,388.8760000000001,5.592440000000003,3.7756166338261483
0.04829139795711181,560.4300000000001,3.3011500000000016,4.652179797055063
0.9132698168992406,336.426,3.451100000000002,3.4719088375482716
0.39119030851901254,367.4970000000002,4.118030000000003,4.085466650097131
0.8962595559953304,285.36599999999993,4.300600000000004,3.421615121062686
0.8493422300416874,352.52200000000016,4.751300000000004,4.247981625622391
0.6346731608227713,477.87900000000013,4.525580000000003,3.6527193050427798
0.1077040824383273,387.3760000000001,3.747580000000002,3.717082439570815
0.7216720260311232,421.5190000000001,1.7643000000000002,3.216582036905841
0.6544738590660494,248.265,2.566370000000001,3.0472335589091326
0.4340821230166658,382.4200000000001,3.4494200000000017,2.6684889468048265
0.6630942023095712,353.44700000000006,2.6877200000000006,4.067714003737389
0.3923690684604371,429.5170000000001,4.517700000000003,4.257740290470736
0.5839880088154098,418.58500000000004,4.801100000000004,6.181858056941366
0.42234086392035586,517.5360000000002,4.680420000000003,3.6427787813959256
0.8016027440258857,349.51900000000006,2.5246000000000004,4.494467526875117
0.7033819074104715,354.516,3.0269000000000013,3.448595441352656
0.1692680034971002,385.4630000000002,5.818800000000005,2.5245373197112695
0.6700530329135023,466.0070000000003,2.0353,3.483309626725732
0.570986435939238,449.4760000000001,3.478200000000003,5.0124397658298525
0.5350458054869941,295.342,2.9556000000000004,2.583911097571372
0.6457214841690976,393.2890000000001,5.741420000000004,3.0897730804263563
0.24731340942760333,441.58000000000027,1.1250000000000024,5.031737989129759
0.2308112774904343,490.55100000000004,5.749980000000003,6.366782788705986
0.5214459934919384,511.6260000000003,4.844120000000005,3.769707493340925
0.3066083347442265,363.3340000000002,0.23490000000000028,3.8584700095069984
0.46496146786510384,504.6380000000002,5.169020000000005,4.761753706503262
0.549282190914317,402.2410000000001,4.650200000000002,3.9626980228087803
0.7909402244866353,248.34599999999992,2.8503900000000018,3.3717212118434006
0.4762065249922609,419.55300000000017,2.6156900000000007,4.986409041920917
0.8421978914634943,314.288,2.4586000000000006,4.278633903832978
0.2865231761097157,476.0020000000002,6.061100000000004,6.110944498762294
0.5057810238609947,327.4250000000001,0.6400000000000006,2.8327087779591267
0.33916787059806114,341.3710000000001,-1.1849999999999972,6.51233341304123
0.5875356537327329,262.2579999999999,0.6777999999999996,3.5491956248345247
0.5188731538789371,413.5430000000002,2.0573999999999995,4.743488405059695
0.2221294541321425,467.6140000000003,3.0111000000000008,4.687963357475409
0.2629808478097753,487.63700000000034,5.349100000000006,4.976852859005396
0.6392431384745061,464.3140000000002,2.6653900000000013,4.533387601395106
0.3953631613624767,480.59700000000015,0.5853600000000034,6.514019938096114
0.6671487161119662,220.28,1.3512,3.5510533054019993
0.8357969178038275,345.80500000000006,3.236500000000002,3.325321283375615
0.3071132201351556,548.7250000000003,4.136400000000003,3.5509448836781505
0.7701032488313169,408.4740000000001,2.9820900000000012,3.647009691571542
0.6968980650390619,343.38300000000004,1.9695999999999998,3.45496473946129
0.34605618909550295,581.1570000000004,5.706700000000006,4.645621703149507
0.12097722324430606,581.5930000000003,2.82378,3.1529715329802004
0.5850362958829376,426.60500000000025,4.630620000000004,4.436661768518038
0.5064367889622253,431.5980000000002,4.2782000000000036,5.335949179562201
0.804111033857491,422.5740000000002,3.1958900000000012,3.759755519595112
0.855660920939048,348.40600000000006,1.8752,5.064343201761084
0.6134999857782646,389.4990000000001,3.8914000000000026,2.723457705137525
0.1867966252080045,539.0030000000002,5.064900000000006,4.765755311415147
0.6389917470691497,339.273,2.6856000000000013,3.568683852941067
0.39234388786286034,367.82600000000014,2.437400000000001,3.8750416031984027
0.6691421687232303,385.5330000000002,4.177400000000003,2.9430650311772233
0.7685814664668131,367.8800000000001,4.823800000000004,2.6745291817713532
0.23330596454580052,458.53200000000027,3.6698000000000035,3.642150246199825
0.36376275786176093,528.6790000000004,3.9394000000000027,4.247100894659935
0.7504211853947271,378.9250000000001,3.5124900000000023,4.5261503490464
0.6696862927165146,393.8740000000001,4.426690000000003,5.41574447763087
0.6682920676533528,430.61400000000015,4.006700000000003,5.391875013569578
0.5135852950456039,484.6470000000001,4.566320000000004,2.7693004562000834
0.5487677889669031,394.52300000000014,3.1812700000000014,4.527075872365536
0.5626046008623307,401.5100000000001,3.8811000000000018,2.016320548575294
0.289375447079511,469.54500000000024,4.694800000000003,2.4803170500932836
0.48704567016345607,328.38500000000005,1.6236199999999996,4.370359417944248
0.8712514641029213,370.653,3.8923000000000023,3.692710742351702
0.5950418580037923,257.284,3.5768900000000023,4.104737468989329
0.6133970785021373,424.48200000000014,2.0015,4.074591221304608
0.6038245230252258,350.40900000000005,3.493500000000002,4.492205509883492
0.5528919261358939,397.48100000000017,3.717170000000002,2.9071516703400455
0.5378014336392416,405.83800000000014,1.1870999999999996,4.8745782146193735
0.45923889174852545,496.6700000000004,2.7566400000000018,4.167188676569426
0.618579510378453,399.88800000000003,5.382900000000006,4.081521711616182
0.743969485750568,339.3170000000001,2.3959000000000006,2.4391828039900183
0.15439912424358956,544.6780000000002,2.43792,4.933850986063858
0.48073215519425244,448.9500000000001,4.269600000000003,4.082617965439065
0.741960184219931,327.72700000000003,2.7161,3.063137249487598
0.4789254055803911,368.4990000000002,2.2636000000000003,2.2056458850060743
0.7415433158212863,403.95000000000005,5.054160000000004,4.989390175142257
0.5061035038339826,432.484,4.062580000000003,6.827408154821844
0.32682298853552005,349.88700000000006,4.975700000000004,3.8657853291002926
0.12479927084941286,470.5340000000003,-0.9380999999999953,5.03738597211669
0.4864636586343503,326.396,3.6593000000000027,4.368703756917688
0.5006977043569516,508.42000000000013,5.427600000000006,4.6036816043661
0.4212259403533033,523.0730000000003,5.550400000000004,4.596000653942106
0.6658471843038833,451.61400000000015,3.5317000000000025,4.690670943807678
0.575684372541958,432.5830000000002,6.079600000000007,4.805600888264381
0.36332946984135384,601.8070000000001,6.454800000000007,5.727994995935793
0.7332856289931065,371.8400000000001,1.4998999999999993,3.6753452240808144
0.49403564277729584,129.159,0.05370000000000008,2.5232301051276558
0.6060307291040744,299.286,0.9172000000000005,2.2385928360949467
0.7812891550315785,280.35499999999996,3.994500000000002,3.8709300353728118
0.8719249491171008,301.78900000000004,3.581000000000002,2.6712452814051364
0.5401088075964033,454.5520000000002,2.657700000000001,3.8492056949056153
0.6475910997259138,356.485,4.505420000000004,1.8778736190183167
0.7349836037113409,245.326,2.656500000000001,3.624110100548127
0.5499539286452991,307.324,4.524800000000002,1.8947530596871225
0.2902197401642596,441.5350000000002,4.127720000000003,3.2893412317020925
0.7291281897314802,385.4840000000001,3.466890000000002,3.564920435812965
0.25553995347508796,638.794,3.893600000000002,4.992437954274464
0.5975069327162722,410.52200000000016,1.73198,4.640518545617632
0.6988283655115676,458.7870000000003,5.031180000000004,4.071002526651507
0.8848145806813887,305.829,4.186690000000004,4.067561032942141
0.9436274028797886,321.7890000000001,3.067400000000002,3.8399830091321085
0.23322409827333382,386.5360000000002,3.9653000000000027,3.0238776517707437
0.4387669983464396,494.5550000000003,3.916800000000003,3.361650437915392
0.4349697444737709,479.4970000000003,-0.8342999999999956,6.046138034263129
0.44849061246989885,353.5100000000001,3.834100000000002,5.79826978757474
0.8052439615410502,414.5130000000002,3.160800000000002,5.56322696135693
0.4251573235577412,436.54400000000015,-0.03800999999999566,6.52074958347015
0.1668119090800024,544.7370000000004,3.1530000000000022,3.664751233619108
0.30693928880211224,367.3870000000002,0.6067699999999998,4.462750044410662
0.36505975645372585,359.4990000000001,3.5614000000000026,3.723534720339538
0.1670296030181118,429.9710000000001,5.520070000000005,4.517583438499178
0.7820923518905959,379.4600000000001,2.8147,3.7976376181253118
0.19576489364062244,444.5950000000002,3.2022900000000014,5.284445830423007
0.7022488533919914,355.43800000000005,2.8964000000000008,3.040216027925199
0.47438978518766256,451.98300000000023,4.119400000000004,3.4018052420639355
0.3716534511233984,446.279,5.173800000000004,4.216570393792536
0.26204984446982316,454.6140000000002,4.0850000000000035,4.3376447381474055
0.7347168766941703,415.5220000000003,1.7964,5.663904372508802
0.45504410128633493,452.59900000000033,4.707100000000004,3.3951171198544774
0.8912879256149484,299.32599999999996,3.1603000000000003,3.0151525879559875
0.3734175905722868,421.4740000000001,4.1186000000000025,2.786356470173386
0.6237098977942188,352.8250000000001,4.186400000000003,4.170641978328878
0.45427090608641224,422.5650000000002,6.7731000000000074,4.508460786073396
0.6462648232659649,291.43899999999996,1.7946000000000006,2.2841811111689996
0.6973417177266565,406.51000000000016,2.917490000000001,6.466277010772442
0.4092286712907894,458.6020000000003,6.2956000000000065,3.786173673831886
0.48134851181275384,317.3380000000001,-0.3235999999999993,3.6560456793968257
0.4502821468552413,522.1110000000003,3.8495000000000026,4.741145640243603
0.275101423839776,419.41500000000013,1.6057,3.7112288942573493
0.6583333891715499,398.4590000000001,2.1672000000000002,5.421697992971783
0.25572952276715416,450.9050000000002,5.016700000000005,4.598823341743389
0.7834218136432759,329.82700000000006,3.893600000000003,3.633777723295734
0.6018581598369348,315.3770000000001,1.1312,6.002644668078728
0.5709145353111796,341.40700000000015,2.655900000000001,4.188634532879939
0.10139496110069873,488.79700000000037,9.992899999999997,2.1913891759114996
0.7811359818697281,385.47100000000006,4.023400000000003,5.673453457999106
0.5095257137819574,380.41,3.4719000000000024,3.88833812366647
0.20398290941960964,451.3270000000001,0.5206,4.067596863021769
0.18766826443620174,501.6040000000005,1.2907800000000016,4.065754412378311
0.8729898612329177,268.36,2.1812199999999997,2.049941133517274
0.23793462433403859,352.4600000000001,2.2178999999999993,5.697694567130512
0.33057172774718735,412.5100000000003,2.7879900000000006,2.921772086491666
0.8594131151585366,348.45000000000005,3.932000000000002,3.698988633257513
0.593202491559968,364.34800000000024,3.669000000000003,3.0693448740790457
0.3098544159335642,543.5900000000001,3.563100000000002,3.4887126451168085
0.28359059229192657,524.4830000000002,5.029020000000004,4.31902393532812
0.2566914417089001,518.297,4.053790000000003,4.798805188156261
0.47861806149666686,376.4920000000002,4.419790000000004,4.706676444081441
0.80122801952184,246.265,2.3128900000000003,4.358944912005613
0.8255350260603599,344.499,3.752500000000002,3.3907182631399575
0.08314161401549611,672.1100000000001,4.728400000000002,4.694076838655703
0.32768521136454426,413.5170000000002,2.2298999999999998,4.201974770803119
0.05727067860833096,490.59000000000026,0.39565000000000256,5.712162684343567
0.7364367943950508,463.9820000000003,4.238890000000004,3.658469536759519
0.8384660767991832,268.3640000000001,2.746900000000001,3.3333493118749544
0.19774144425198564,628.2420000000002,5.613400000000004,4.978542904733574
0.644548972996304,166.23899999999998,3.476720000000003,1.6198058970721743
0.2715402290787714,574.1460000000001,6.699080000000005,4.40938655374591
0.3025239902321901,500.63900000000035,5.363400000000005,3.5654359622846172
0.4816829595484032,292.318,3.2775800000000013,2.969494785758185
0.5102902307867226,390.35200000000015,0.02759999999999979,4.415359459481604
0.17044015717396271,526.0900000000003,5.477000000000005,4.514819973337719
0.7129326494719417,391.46200000000016,4.8983900000000045,4.66966230946854
0.32901811451997365,399.4700000000002,4.3693000000000035,4.168185934654433
0.6634883025647434,360.4610000000001,3.3793200000000017,6.153827352520522
0.5574866461203382,382.47200000000015,0.6232000000000014,5.106220106804624
0.34829296557348505,575.6620000000001,3.4616000000000025,5.39876972796845
0.4682431438202157,465.5740000000003,1.416590000000001,4.848482823723446
0.8017800676631857,249.20699999999994,3.0416000000000016,2.477992729682992
0.8695819693823205,316.34200000000004,1.7434999999999998,3.738870393756745
0.8180359385038973,358.4670000000001,1.7086000000000001,4.057452827636162
0.8136743079965264,256.736,3.9446800000000026,1.9200554259919151
0.3712875837709543,394.5560000000001,5.122500000000005,2.8322080514794568
0.8180960690165054,380.5390000000001,2.0336999999999996,3.106520027385434
0.7686440165205041,289.40000000000003,4.4152800000000045,3.797775141614439
0.5446571317341686,430.295,4.8053000000000035,3.1677025489540336
0.24928531256762843,448.39700000000016,3.8527000000000013,3.004064940321607
0.12099704102259892,406.49400000000014,1.8766199999999997,4.878912042708777
0.8403554772931143,312.409,3.796400000000003,4.355071561530568
0.26728213577148013,582.5409999999998,2.7818900000000006,4.0755585080647005
0.4122822572187492,404.493,5.277570000000003,3.561196579157289
0.5441264405035787,283.33700000000005,4.8194000000000035,4.713777840669771
0.1466775111387293,610.7250000000003,1.464590000000004,5.857646056111387
0.7887610005135273,197.303,3.185220000000001,2.141789750008826
0.5002536435788405,165.25799999999998,2.466,5.126541468764018
0.4603692768368849,499.6210000000002,1.1455000000000002,4.563871486407827
0.4501350727278319,494.50000000000017,4.179800000000003,2.879110766086031
0.15435985784741432,600.7719999999999,1.7922000000000036,5.32319383748578
0.44459583914667355,403.4630000000001,4.448400000000003,2.8348896467959506
0.337120061289601,600.6640000000003,2.5731,5.798008362511226
0.4922701617021908,325.3930000000001,4.099300000000002,3.7364501095122957
0.7817155186035278,377.4220000000001,3.072000000000001,3.2394423521029694
0.27664810003572954,486.54000000000025,3.7392800000000026,6.069130237474946
0.7013757175277314,371.4400000000001,4.312920000000003,2.8323473195219506
0.6803808864215758,444.8820000000002,2.7097000000000007,5.469914372528968
0.7946479426228065,331.42000000000013,1.2020000000000002,4.111018768135553
0.23511786073232357,606.5960000000001,5.769950000000004,6.881319005674855
0.5801767088330501,476.5830000000005,5.846200000000007,4.841075937783841
0.5854908818941758,353.487,5.021400000000005,2.9043729753070764
0.549862289602217,398.54200000000003,5.320890000000007,3.617148104608507
0.5318162906731291,332.213,1.1749,3.101585926819987
0.8508677776310206,350.4180000000001,3.5263000000000027,3.236930874397773
0.6681655331565147,386.4730000000001,2.068000000000001,3.9884812594780286
0.31577011625011997,595.7390000000003,1.3949800000000052,6.258685507378582
0.13203571971614678,341.43300000000005,2.39637,4.330430436945301
0.8355522098078921,377.87500000000017,4.739880000000004,3.414106547550279
0.7696175974268357,386.42100000000005,4.470100000000003,3.2197167694281763
0.35558179214122176,459.9740000000001,3.706500000000001,3.2603127104693153
0.11240522463051082,487.6080000000002,3.9758700000000022,5.979436648965252
0.3996592709624867,386.49200000000013,2.4363599999999996,5.138743007589726
0.23401708515436356,407.3830000000002,-1.7860799999999966,2.874592732172113
0.34047776798761376,373.3870000000001,-0.8407999999999978,3.1717176347896316
0.6024404237113048,261.36899999999997,2.2528000000000006,3.75735989027008
0.28348459983238206,394.4310000000001,1.4486999999999997,3.6721063169450314
0.613207854249081,522.5680000000003,3.2123800000000013,6.560462973928033
0.6180730312194904,303.2740000000001,0.7599999999999995,3.202187093450494
0.3013882728987105,445.38000000000005,3.848080000000002,4.918023274853757
0.6135965038627593,393.5310000000001,4.592480000000004,5.542050594393504
0.577334611907566,344.49900000000025,3.698400000000003,1.934215198241974
0.4285401787501398,344.8130000000001,4.999000000000003,3.659127838169998
0.8505011843189081,289.36,2.8419000000000016,4.616454493841161
0.757989758424161,419.49900000000025,3.323920000000002,2.8295215914335934
0.7616484110815088,282.717,5.1019200000000025,3.760281522710037
0.17410077467252646,356.4700000000001,2.35417,5.165713382300828
0.5898168738895418,398.50300000000004,3.2642000000000015,2.953594300575906
0.21274226788568076,483.8130000000002,2.6839000000000013,5.153567954018239
0.44858681843761367,392.4520000000001,1.2977,3.150811840347534
0.8928127286914127,325.412,2.1579,3.521295150927477
0.3165769146682048,391.5360000000001,5.011200000000004,2.991848570303688
0.8317961103482369,279.815,2.6990000000000007,3.6373169745349587
0.9094139693865443,322.4560000000001,4.419000000000004,3.738799605169394
0.6506773869999967,429.46700000000016,4.612900000000003,5.521826062149392
0.6117893499651507,259.30499999999995,2.571900000000001,2.156615610191185
0.1992153422702524,411.889,4.536500000000002,3.2852167038852036
0.20655706027027698,434.9280000000002,1.4673999999999998,5.367195770042339
0.40801538212429894,472.54900000000026,2.7384999999999993,4.331887947935911
0.7623437994166474,354.2880000000002,3.250000000000001,5.5936866457512195
0.7742010439109068,386.8800000000001,3.7380000000000013,4.899584405604163
0.5175312269068076,280.682,3.5440000000000023,4.244036361302038
0.205909656173804,526.5720000000002,4.374200000000003,3.1737431565363368
0.10127730829247146,665.592,2.7746000000000004,4.678757158785572
0.3121051677445931,489.6130000000003,2.478980000000001,4.5339290452451655
0.9070875081705104,297.398,4.474800000000004,2.022362701449051
0.7154625958267437,338.41499999999996,1.6952999999999996,3.0996956565450073
0.8322818823464495,387.84600000000006,2.5241000000000007,4.4933181444863
0.2116353087245481,491.57000000000016,3.323400000000002,4.564023404474499
0.3568397266414021,398.45600000000024,1.4951199999999996,2.9542210327573812
0.4991839333270421,458.6560000000003,6.723700000000005,4.211663324481549
0.705001143574267,348.4870000000001,3.6334000000000017,2.10177523158422
0.7974713589818677,317.404,3.520000000000003,3.8174153882718906
0.3027579540327553,438.5570000000002,2.4117700000000006,4.683439967338662
0.08374373804408479,451.99900000000025,2.6909,5.237197375150762
0.4097328103380123,425.91200000000015,3.800080000000002,4.401903363604498
0.7570481216108081,434.9700000000002,4.190800000000003,4.307632547628137
0.6617081034375942,304.43700000000007,4.836780000000004,2.7776548131575307
0.45240073692995075,394.4530000000001,5.442700000000005,3.1025371728018882
0.09239119792695748,586.4050000000002,7.169070000000007,4.560851662301429
0.08856303521602808,539.0690000000002,6.822900000000004,4.371590934165656
0.6198165832135102,468.9890000000002,2.6643999999999997,5.728157783233467
0.39477110551628736,355.459,4.588100000000004,3.043885905732438
0.5517031778804308,465.95600000000013,4.951600000000005,4.910199899787444
0.25914387145789963,416.50300000000016,1.3413,6.498218325250919
0.6146614445737911,435.6160000000002,3.8549000000000024,4.329607392743563
0.5133351641149139,380.87100000000004,5.418300000000005,2.31721779015383
0.3915329916172528,453.65000000000015,6.269290000000006,3.7213429082906764
0.8787608525197673,307.80600000000004,3.684700000000003,3.968196585143689
0.1605080791715496,491.57100000000014,2.10339,3.7391174612899203
0.12934232534024517,395.44000000000017,0.7300000000000013,4.378277874332992
0.5251975624407736,480.5110000000002,4.910400000000004,2.7128928320200973
0.3440649965004881,622.571,5.5544000000000056,3.908128221255714
0.7213576663725056,271.32,1.1858,4.4609355756112175
0.33351148493457544,419.45600000000013,2.1612999999999998,4.492026779990938
0.4498134929933049,384.43600000000015,1.8429999999999993,4.323710478548008
0.6133923589376309,410.9490000000001,4.803820000000004,3.136143920042394
0.5784723783385626,400.42600000000004,4.005600000000003,3.7256929057049657
0.4349708560537293,382.84200000000004,4.853100000000005,4.111848984499444
0.21176824883152265,360.45400000000006,1.9203,4.380924040255691
0.4013324482273433,494.5160000000002,1.5254999999999999,5.123969838197603
0.7124686984798192,349.4150000000001,4.819200000000002,3.057621506446912
0.13394912407480733,542.9930000000003,5.571470000000004,4.995767434642991
0.5607158976427419,489.6090000000002,5.304000000000005,4.826981867657505
0.27503141197174974,360.7610000000001,2.5204000000000004,4.324534226425829
0.17877505112534864,491.5660000000001,5.697300000000004,3.2261723579913726
0.600443337499794,472.49800000000033,-0.6910199999999986,4.74956824175934
0.48018087199627385,313.36100000000005,2.521700000000001,3.6229031213901237
0.6654054850211023,389.47100000000023,4.125020000000004,4.506837370711906
0.6382047179641929,462.9810000000003,4.169100000000003,4.636239550892098
0.5367887641250981,378.9250000000002,5.061400000000005,4.033747141658699
0.23753982398423445,481.5520000000002,5.130300000000005,3.2043220502917045
0.7293954610098299,381.4170000000001,2.8082200000000004,5.2306207112716745
0.1256805435870899,419.57600000000014,3.968770000000003,5.6874094557321495
0.2935042557920056,451.9320000000002,3.015080000000001,5.115861085558001
0.8522231107338347,362.4050000000001,1.3962999999999999,3.2512824564329152
0.4671839937802914,501.4100000000002,4.794400000000004,3.4808080154999397
0.9354939989310121,276.34299999999996,2.35558,2.565766192941627
0.22597474858342956,437.4750000000002,3.8012700000000024,3.5180521904094615
0.3768019956262308,551.9460000000003,5.256120000000005,3.696283712840481
0.5863227204664556,210.233,1.7775999999999998,2.133985811111609
0.7823868876948669,330.38400000000007,2.4246000000000008,3.632130402110195
0.7319698863748231,411.9780000000001,4.653190000000004,5.597792064705989
0.5615633386524096,427.93600000000015,5.3498000000000046,3.527892132285702
0.35704331806720685,444.8940000000001,2.9126000000000003,3.7819284528434354
0.3270502160653727,402.5860000000001,6.144970000000006,3.193292164606323
0.7934055514169458,370.9240000000001,5.1387000000000045,4.016422700534871
0.5456998568990543,442.73700000000025,4.804600000000005,3.089607560383019
0.6908965666896422,308.40599999999995,4.595920000000003,2.4073884459441537
0.46510348194582485,532.6620000000001,5.174900000000004,4.39512006759049
0.4463547642439884,380.47200000000004,2.0197,4.622787358889887
0.3834667143615627,393.2920000000001,4.791900000000003,3.08628387602361
0.6767716407203384,439.4620000000001,4.0771400000000035,4.237775302825784
0.631093305718997,407.558,3.801300000000002,5.672027851058158
0.18387071421033163,471.47700000000026,0.38377000000000094,6.015761189652743
0.6759433429988112,421.8340000000002,0.7258,4.05472472749128
0.8267769737278768,385.8480000000001,3.0863200000000015,3.2885332109183176
0.9067149940050453,287.30899999999997,3.927900000000003,2.0894391875768896
0.5028455922847456,428.91600000000017,4.264500000000003,3.6849093659656695
0.7573331513404783,307.68699999999995,3.7468000000000012,2.101527583926302
0.5996274363019013,392.5030000000001,3.798700000000003,5.821485306245172
0.6162817141627498,362.34500000000014,2.5436000000000005,3.5555210932888492
0.8927861579032563,296.374,1.9588999999999999,3.7513802742599616
0.2846362880537703,273.33799999999997,-1.5304999999999989,4.79883780617344
0.6536208157803458,477.54000000000013,3.116500000000001,5.741513097004765
0.559835022741088,428.91200000000015,4.356020000000005,4.932845990282964
0.8549669061765578,247.244,2.905000000000001,3.2046570549511904
0.7923141509624743,301.434,2.434,3.443373481256236
0.2803595257564746,174.2,0.24670000000000003,3.9245782861733503
0.6979026599258281,448.5880000000003,3.8918000000000035,3.2357296962584403
0.6736784808849504,317.4550000000001,0.19390000000000185,3.901317011651627
0.531583408571082,448.58500000000026,1.6344999999999994,3.8999103215431505
0.18993560990386935,549.6840000000003,2.960280000000002,4.120683350755085
0.44194172438216206,450.66700000000026,6.384320000000007,3.4010929375304393
0.7762278520424849,247.338,2.9129000000000014,4.440154618917364
0.5122583438465499,407.55400000000026,6.0741800000000055,3.666665895265953
0.37439206834248656,383.29000000000013,3.0440700000000014,4.709442099476319
0.8040196685476839,385.4390000000001,3.034200000000002,1.8728408138934327
0.5319343341123045,501.5810000000003,4.834900000000005,4.2955419997230955
0.3505372250668995,568.6779999999999,4.356700000000004,4.980370883207389
0.7384249167999923,453.5610000000001,3.266000000000001,5.0054588164222995
0.6876000747976196,415.55500000000023,3.806600000000003,6.349608371583449
0.4128660982388272,577.6290000000004,3.7639200000000033,4.425762470866276
0.5096086651663638,253.287,0.5965699999999993,3.5955435049174795
0.5668191727742121,388.46700000000004,5.174300000000003,5.5531767754318935
0.5512255718259103,304.3980000000001,0.15620000000000178,5.339496706524322
0.5372458707295962,438.2940000000002,3.5428000000000024,6.114069009582763
0.30505377624546187,284.323,1.73195,3.5408425594242114
0.802878267155625,338.766,4.169200000000003,2.9922608727393474
0.3158528207678038,375.425,1.9940999999999995,2.9290260617381207
0.31626204125237073,482.67300000000023,5.390090000000005,3.5740313191375392
0.6671330623325568,377.49100000000016,5.345400000000004,4.588240923378685
0.16908021326821723,374.5500000000001,3.9165000000000036,5.949328902534376
0.5521549989907139,394.47800000000007,4.4999800000000025,4.352519530569752
0.8319518025536353,252.277,1.8603800000000001,3.64538227685785
0.4122793990282993,413.31500000000005,4.532700000000004,2.995114631718666
0.30500411487362217,596.7490000000001,4.971900000000004,4.8536588772353575
0.5613105810544656,458.0020000000002,4.254500000000003,4.776822624020191
0.6247948825908943,465.63800000000043,3.5427000000000017,3.5629160646672666
0.5822188778952858,263.229,2.26147,3.8677247677003415
0.5546289913653415,423.91900000000015,5.676620000000005,2.500742164606324
0.2379965910775061,539.0510000000002,5.3647000000000045,4.624923864905687
0.4871735521085912,368.8430000000001,3.796000000000003,5.491953510720258
0.13717790690684478,699.292,6.486000000000006,4.78120005978346
0.6930454155123034,375.48400000000004,4.682580000000003,3.593980799909148
0.3002586665681097,388.31500000000005,5.245000000000002,4.676744049156108
0.8285493795346378,390.38500000000005,3.263890000000001,4.978396581401137
0.41187395211336475,458.94100000000014,3.269090000000001,5.1883771150038855
0.15562828425059302,343.4080000000001,1.936,4.0876214936384745
0.6253158910446455,374.45600000000013,4.656400000000004,3.9015390052894645
0.6354448462327633,291.354,4.588370000000003,2.9346428283406034
0.7183890403141021,430.5930000000001,3.7479000000000027,4.769872846266737
0.8025070563748288,284.40299999999996,2.6717000000000013,3.852901464666852
0.6162939306524045,473.7790000000001,5.750980000000003,3.6411140771204833
0.4320681413516696,355.8430000000001,2.3663,4.018656150145049
0.5100449438978567,473.3900000000002,5.409900000000004,4.9487664961980276
0.45272237482678573,413.50000000000017,5.493700000000005,2.9093963570163996
0.5583094917344973,373.4510000000001,1.2056,5.9800364223425
0.3831171362600245,297.362,1.2551,4.199077065644751
0.7633185843495215,368.4810000000002,2.547200000000001,3.741878736899393
0.5102914544653907,202.30800000000002,1.3641999999999999,4.008186357787928
0.679211983105381,291.35,4.221300000000003,2.534598386772556
0.4404759651531362,464.5510000000002,3.471300000000001,4.425793247831127
0.10281636380910078,508.7760000000004,6.472500000000007,3.5252576322414964
0.28139399081607386,374.5290000000002,1.7798699999999994,3.955864197592545
0.29891565895959665,436.6440000000004,4.1950800000000035,4.478210526846487
0.43913811317963436,586.6680000000003,3.3894,5.626794505306863
0.10981634068866146,470.5810000000002,4.392350000000002,4.9447349858662495
0.45348810346089286,541.0480000000001,5.448700000000006,3.911213033290535
0.1417241079822698,519.0820000000002,6.118700000000006,4.031809837911701
0.44056354388036256,461.4600000000002,4.388760000000002,5.77573277809585
0.367013214841085,349.48300000000023,0.43410000000000126,3.5245532141986207
0.2755418732747932,283.4149999999999,4.219400000000002,3.6464675800790793
0.25198312603171846,437.6740000000002,6.714200000000006,2.283572808961967
0.4786223381313109,396.46600000000024,4.627600000000004,3.406396563869155
0.875366755400224,372.44800000000015,1.4804999999999997,3.389007416399055
0.7431776558735748,222.336,2.1445000000000003,4.811956366498634
0.3641446742166782,583.7530000000002,3.8462900000000024,4.8797876468969665
0.5689579105286182,463.53700000000015,4.210200000000004,4.485028011284328
0.6734689678439215,321.297,0.5965999999999997,2.851068412131813
0.37258080178313474,298.3020000000001,1.5934,3.8712552253186248
0.7385790768218281,365.81700000000006,3.7711200000000016,3.0132520921645307
0.34681323254765795,424.02500000000015,5.010580000000005,4.048390989217218
0.7802349883905219,301.737,2.6076000000000006,4.75705339110339
0.3985944274576921,431.53300000000036,1.8596999999999992,5.799085821289294
0.18782874827253648,305.34799999999996,1.3838700000000002,4.715691882935257
0.2275641953812223,489.64000000000016,2.83359,4.358946056731885
0.5471031356171352,421.54400000000004,5.509800000000006,3.0183682641350673
0.1040626485479522,607.1040000000003,3.1621000000000015,5.13172361004853
0.5358205975936765,423.53800000000024,3.134570000000002,6.693971383368117
0.5909685370751825,456.5170000000003,1.0282,2.502889231996763
0.4676806399207282,364.3810000000001,3.2121400000000015,4.015041346066752
0.45444104926648815,276.28799999999995,3.089300000000001,3.1510922988879413
0.15360825945366494,556.6360000000001,1.3793900000000026,5.153538149111588
0.5210765346115012,432.95500000000015,5.688380000000006,2.381899158147851
0.39776044955498613,411.6000000000001,5.023390000000004,3.880705694613977
0.6519605876541973,375.4430000000001,5.359100000000004,2.475011470282876
0.32358035743422076,445.88800000000026,2.1954000000000002,3.659264439978009
0.829537643026451,342.46400000000006,3.0459200000000015,4.850495739303826
0.6951202458025368,393.4720000000001,3.190120000000001,3.967658307889714
0.2487788904741394,397.17600000000016,1.6026799999999999,4.884717778884685
0.7056588790980034,358.88900000000024,5.040690000000004,5.440544410982392
0.833042099427325,253.30500000000004,2.1989,3.7955226438145058
0.728219016723196,288.40999999999997,4.8018000000000045,2.675023542205313
0.5685448213170093,332.37100000000004,5.396700000000004,3.298938701881359
0.4407710807280171,327.40900000000005,3.652700000000002,2.6540189922620083
0.5699861169306945,484.6660000000003,1.6884000000000017,4.637991958338832
0.8370903927282162,340.4670000000002,2.9290800000000017,4.338990070323053
0.1946787984323521,514.5350000000002,0.917459999999999,5.81106777052191
0.13699681583128617,523.6960000000005,3.564400000000001,4.094764015695505
0.34581203102912766,338.447,5.349200000000005,2.8563021717275774
0.2632014395291001,248.28999999999996,0.3058700000000009,4.546251964453452
0.5120661640636498,518.7220000000004,4.5231100000000035,4.803061281927125
0.6160230841722204,457.96500000000015,5.497080000000005,4.7699310738765135
0.6788866684885316,200.64000000000001,3.5107000000000026,3.2679274363128004
0.17836295953736164,406.58100000000013,4.300200000000004,5.637488908410466
0.6539730416178097,371.5250000000001,2.3723,3.5329848509294868
0.620288452810443,292.382,3.683270000000003,5.298625798546357
0.8342303596149755,221.28500000000003,2.5653000000000006,2.820038664421091
0.13060628488022627,564.5410000000003,7.427990000000007,3.8698082106317626
0.5369444808761781,387.4740000000001,4.195080000000003,4.819285725523254
0.8101447428725028,317.42900000000003,3.358100000000001,3.1722184422850797
0.547233678185573,287.34700000000004,0.7296,4.256976691351529
0.6254027668022739,489.6340000000003,4.732420000000005,5.5743594952605875
0.2987915587755608,427.55200000000036,5.704970000000004,5.175609985164723
0.49833804998188436,399.46400000000017,-0.19660999999999684,5.796926357396796
0.41733423835690936,434.4790000000001,2.3329000000000004,4.204403443915464
0.39599321223381556,338.3710000000001,-1.1421199999999976,5.005001779623473
0.24067764750853096,554.651,3.4380000000000015,4.527316879159938
0.7657775714809869,368.86800000000017,4.106670000000002,4.748407375978382
0.30122894973001746,391.4350000000002,2.4246999999999996,4.141631713770429
0.4577526015602854,444.3290000000002,4.158200000000003,2.244157638471293
0.08267397501053993,647.7120000000001,4.082260000000002,3.9091576540352104
0.4976044830004165,316.3570000000001,1.6567800000000001,4.288392843893192
0.5550522108146496,387.9110000000001,4.097120000000003,3.010340417372765
0.34399751123383443,486.61600000000044,5.262100000000005,5.46072912087613
0.5573561615918867,206.197,1.6811999999999998,2.931825098488927
0.887819764952744,367.283,2.482500000000001,4.210103714229173
0.7401755006244339,407.30800000000016,5.406700000000003,3.459402235414543
0.6525110857191303,470.66400000000027,4.534200000000005,5.337800931890347
0.5458060527079266,332.44300000000004,5.780000000000005,1.9587001297488253
0.3430082911312065,471.55800000000033,3.724400000000003,2.3309487037590486
0.38811257957836837,276.38,2.4391,2.632845190995832
0.34160454631511905,517.5680000000004,1.4957999999999996,6.338171914886401
0.15773327715118457,584.6850000000003,1.4886000000000017,5.32078243174512
0.21025385967689453,390.8930000000001,0.7804700000000002,3.483686756538633
0.8725552365994009,256.32399999999996,3.6907000000000023,3.228079712755286
0.608820410680539,292.355,1.66897,3.3955613127398614
0.30781600254429275,528.5940000000003,4.888220000000004,2.680842953478212
0.45555060875706194,401.5070000000002,3.344220000000001,3.4065165131506427
0.8283676420562917,325.41200000000003,2.5124000000000004,2.7638589518324537
0.3628244281353572,307.321,2.0457999999999994,4.96683492147188
0.6590729640571413,196.253,3.086500000000001,3.6170546512617374
0.35793506362123484,466.50500000000017,5.127900000000005,3.5024498235135084
0.48650020987709236,441.50300000000027,2.6984000000000004,4.64199156574844
0.8220004732090967,354.8590000000001,3.2805000000000017,4.477407988123963
0.15533362213951038,449.72,4.760400000000004,3.2445002125342732
0.8752778096338191,294.37000000000006,2.3265000000000002,1.9703997742783237
0.2797263956133304,484.54400000000027,2.2955999999999994,4.362830626679321
0.7780816777395875,325.41600000000005,1.8884799999999997,6.4004833354294135
0.48502476759803387,239.65799999999996,1.0326199999999994,2.4496787079064717
0.8388057080563786,326.37100000000004,3.7193000000000023,3.5028197909932945
0.6251792971812576,181.25499999999997,2.498590000000001,4.4165351286204935
0.41384480396106077,420.52100000000024,0.32200000000000073,5.496654560776953
0.8067126300031687,367.4690000000001,3.5882900000000024,4.174010892910427
0.2205224623239579,559.0700000000003,5.151070000000003,5.524770611207657
0.2980285738833797,575.7110000000004,4.426890000000003,4.283358279459387
0.4682299925056401,382.9350000000002,5.560800000000005,3.1803716362960177
0.8436684523351751,325.45600000000013,3.2562000000000015,4.017385999388311
0.5330624818987454,294.438,5.538160000000005,7.17197348941009
0.7965508527217815,417.51700000000005,3.342900000000001,5.801215465160817
0.3336979623795703,412.41700000000003,3.775900000000003,3.122522449901549
0.27792158023081226,466.6150000000001,2.3778700000000015,4.752780174009786
0.35132141083009966,435.9920000000002,5.746000000000006,5.280872211202378
0.587715902224684,225.29199999999997,-0.14269999999999883,4.113300777036922
0.49429185326431835,475.5460000000002,1.863,3.9977047115192335
0.5843423674397469,413.4520000000001,4.895100000000003,2.837072934371628
0.4139489688773767,328.76300000000003,1.2999999999999998,4.6383470664044415
0.47988700125137607,303.797,3.3754800000000014,3.676797466586015
0.1416603551050834,514.5790000000002,0.6481999999999999,6.850302115939867
0.13087579391703427,378.4290000000001,0.3024700000000019,3.2470287318081335
0.38171118223755973,527.6160000000002,6.335890000000006,5.205233117195903
0.5567087374084699,412.55900000000014,2.3998800000000005,3.291901832590712
0.5699885041932768,467.5470000000003,3.975100000000003,5.325728201966788
0.40664479474653975,389.3540000000001,3.725600000000001,3.087038313893432
0.4182980144975527,337.78300000000013,2.25046,3.805178881845519
0.4252981910765633,440.59300000000013,3.0378900000000018,4.070623023441376
0.8864421106169607,351.4460000000001,3.9745000000000026,2.409054229588401
0.7618984953180361,323.779,4.618500000000004,2.4232267599771085
0.6631876932516482,391.9160000000001,3.456990000000002,3.5583140873157806
0.5101012822516874,401.5360000000001,3.7325000000000026,3.850961390816509
0.41724471289447224,373.75200000000007,2.1621700000000006,3.72291468830627
0.7452580604520617,420.5170000000003,2.695400000000001,3.407447178105423
0.427669743291158,372.20600000000013,4.209100000000001,3.298748887906102
0.09929344939993802,413.5660000000004,4.230000000000004,3.8771345222486806
0.8531997296315956,294.35800000000006,2.239,3.049648676626826
0.6226944651554474,330.4520000000001,3.443590000000002,4.100399830953332
0.5627082157621088,381.91900000000015,5.488100000000005,4.0023534395038975
0.6172489774903046,378.3820000000001,4.459400000000002,3.8861494677395854
0.34037901888432787,347.7860000000001,1.8000899999999997,5.286512563272188
0.2931342481890724,75.06700000000001,-1.5376,3.5369118727881403
0.6127907830526704,461.6080000000004,0.9739900000000017,4.9439137583252135
0.9318692821888475,308.279,3.833510000000002,2.336876951133794
0.527701351968239,412.5770000000003,5.396800000000004,2.2692996902244715
0.5582309313018063,435.2650000000001,4.723040000000003,2.8203286184958145
0.2034400916247833,307.74500000000006,2.27557,5.15550377637177
0.8002016897115396,340.37800000000016,2.485290000000001,4.793695625777319
0.4522570630212762,542.0760000000002,4.296100000000003,4.934998149563993
0.3356256809901248,438.5790000000001,1.0378800000000017,5.212053262952954
0.7302267282275603,339.47900000000004,4.691100000000005,2.303173274430037
0.7702260819877453,332.40700000000004,4.232200000000002,3.848732178539626
0.43853714167900143,546.0110000000003,3.5432000000000015,4.1704011387611715
0.43594326322658283,394.47400000000005,5.7008000000000045,2.134011433268695
0.9203391480379435,328.79900000000004,3.2500000000000018,3.666549826141713
0.22322959064465642,458.51000000000016,2.1199200000000005,4.867543920292142
0.4615717267032449,602.1770000000002,4.536990000000004,7.0768863064523115
0.41437627278066924,380.39100000000013,2.1822999999999997,4.494475027077392
0.24151044421293977,497.6690000000003,1.7411000000000008,4.4295076135258995
0.7826481583685041,280.755,1.3235999999999999,3.191149450341312
0.7233542559178915,395.5430000000003,4.695580000000005,5.209251377941997
0.2729932362138064,385.50500000000034,-0.10140999999999778,4.538308337904111
0.8155744929151025,358.46700000000016,2.6629000000000005,4.416120665788482
0.4850787874033259,489.72600000000034,4.994200000000004,3.6040753461498456
0.8833492193753584,288.322,1.9231,2.7857286991742143
0.545489075715825,484.55600000000027,4.222700000000002,4.266039027762925
0.07276991876890233,656.9379999999998,3.7129000000000048,4.481379322448275
0.6528440215358418,411.54600000000033,2.9319000000000015,4.178921553887253
0.84516036742455,281.3589999999999,2.1565000000000003,4.084413941694399
0.647131430870886,321.31699999999995,0.8771999999999998,3.91766091731097
0.6370765475081468,431.58900000000006,4.848290000000004,3.8191683129832947
0.6074195669572662,412.41400000000016,1.4397,2.6691998868370828
0.4519541219831034,441.5560000000003,2.6808899999999998,3.5926678902383724
0.7851526625619759,250.30100000000004,2.955090000000001,3.5716143770812385
0.8663979426074752,289.378,3.8427000000000024,3.1843898060293654
0.7777998041304607,315.808,3.6218000000000012,4.964057452624575
0.32167073487241243,419.5430000000001,4.442100000000003,3.1115825575437395
0.45654575337249176,350.4190000000001,0.39700000000000196,2.669878721811722
0.24641255745574658,485.4250000000002,7.600920000000006,3.7470154822116166
0.8038477441421177,342.4670000000001,2.17469,5.54024641911125
0.4035808946447561,478.90000000000026,2.4783,3.0893235864192974
0.5826804382470844,479.70600000000053,3.8442000000000016,4.037136380884556
0.1904742109620887,604.5770000000005,1.8002899999999995,4.785507300705168
0.6957257426960557,370.44800000000015,2.32639,4.7448040089279235
0.13007366976766985,613.7110000000004,5.514720000000006,4.332060089495727
0.5014429571107176,374.45200000000017,1.9587999999999999,6.2653436010312955
0.841582100155694,381.38400000000007,3.5218000000000007,3.433244792797211
0.4674960025987627,408.2190000000001,2.8096000000000005,2.985024833593215
0.1985468184720837,495.0190000000003,3.852000000000002,5.545314553136679
0.785340736793829,263.29699999999997,1.2923999999999995,3.310983743237955
0.8868175941916148,308.338,1.3189999999999997,3.3384579665676526
0.5387987137689182,480.6080000000002,6.308600000000006,4.096389624928393
0.7051331086201953,175.187,1.6827,3.1872539200493124
0.5048490011285822,451.6390000000002,2.7947000000000015,7.331349316204671
0.7747167489863878,346.79300000000006,4.252600000000003,3.3388187681355532
0.7288566462303103,353.4660000000001,2.5820999999999996,3.975622459644521
0.4843921939762818,451.35000000000014,3.3457000000000017,3.765013037815126
0.5304625540154633,353.9180000000001,5.294900000000005,3.470986650143864
0.5094728071624738,444.3010000000001,5.456500000000003,3.7435901626915378
0.5811994300625793,285.39099999999996,2.424900000000001,5.247276126967086
0.7842777285170377,403.5860000000001,3.8842000000000017,4.330054777024426
0.6208680080534522,361.82900000000006,4.180200000000002,1.9433375238020592
0.08289782237221176,489.6790000000003,3.9235000000000033,5.166108669894506
0.05834065412813812,364.43300000000005,2.81055,4.228225961838023
0.7842841549649646,332.374,3.434800000000002,3.211682005407411
0.8822858979126038,319.40400000000005,4.768900000000005,2.4516891388316466
0.22785264429150134,544.7250000000001,4.890970000000004,6.664541089701389
0.44399525926291983,455.6020000000003,5.4828000000000054,3.5025447877691223
0.5625163918138568,409.5100000000001,2.9801900000000003,6.348854893354976
0.5770657762227261,450.9850000000001,6.090600000000006,3.6844398342151354
0.14339528509985847,700.3230000000001,9.287419999999997,4.686512283433675
0.47080819522821216,529.8830000000004,3.775090000000003,4.150974027178355
0.6788482631445178,277.274,3.2067000000000014,4.34908534982728
0.32090321822916407,425.5000000000001,2.8826,4.872764027908504
0.5829500039129982,316.38700000000006,-1.5214299999999956,4.830196406687366
0.8205834840387305,240.32399999999998,2.775900000000001,3.999777919894065
0.5162695669788077,331.41600000000005,3.6426000000000025,3.0929198210507574
0.4966251306121932,262.225,0.27080000000000015,4.245279712755287
0.8222249960314642,312.712,2.5654000000000003,2.2197754663678975
0.5929855526855179,419.5910000000001,4.032700000000003,3.315369701842295
0.3247532062205385,535.0240000000002,0.7169100000000019,5.575747390213069
0.45759416996415564,108.104,-0.31321999999999994,3.3808551834617724
0.1278433356523004,500.48100000000034,6.581080000000007,3.673374149343827
0.17133027815982058,425.4890000000003,3.527000000000001,4.239325656929969
0.848595410348042,393.48700000000014,2.740500000000001,3.395991663459294
0.699653527607268,310.35699999999997,1.7167,2.9962138558140694
0.68274804755567,421.4530000000001,2.1323199999999995,3.3814221591371405
0.6045020435617274,172.19099999999995,1.5372999999999999,3.3477001050384114
0.18129056343238917,483.68200000000024,3.9986000000000033,4.0015891895890086
0.39324475298068023,467.48600000000016,1.43006,3.7284563236753376
0.39042502538677853,437.5480000000002,2.93877,5.462042560120565
0.26343248382451306,418.56700000000035,2.0806699999999996,4.308770711358207
0.7064362324076364,269.735,3.8961200000000025,1.993507405062978
0.3931775486930147,494.57000000000033,4.412660000000003,4.252409237917373
0.5476500022787888,307.478,4.7473000000000045,2.175409709544077
0.48841401303515786,392.86100000000005,5.339600000000003,2.716161897633304
0.5435481930681266,357.40900000000005,3.935400000000003,1.9353667902403888
0.19493095867709212,326.3560000000001,0.8859799999999999,4.9428316269185615
0.5117232685531918,508.64400000000035,4.055400000000003,6.247303233290865
0.34762160976160017,421.5370000000002,5.596700000000006,2.8537913899063714
0.8552642782104063,302.4220000000001,2.9422200000000016,2.2020017935045377
0.15911488640861965,586.644,1.1771700000000034,6.44348081010665
0.5137322973149263,402.42900000000014,3.769300000000003,2.4903960363160085
0.3071887837206625,487.48900000000026,-0.14480999999999727,5.784766947404712
0.6569954335532993,344.3960000000001,1.8644,2.179168324352009
0.514820931590562,369.44400000000013,3.3945700000000025,3.6965245448339736
0.9116761034552984,327.40200000000016,1.5512000000000001,4.464248150476371
0.3794467245875425,417.60000000000014,3.5070000000000023,4.298205807889714
0.609230087772843,375.85900000000004,4.886200000000004,2.4401212281102094
0.6081267885206215,299.348,0.6378999999999999,4.219339425751356
0.06980228169155442,567.7380000000002,5.659400000000005,4.856979576807802
0.763359730845357,250.27299999999994,1.27048,3.7455456462325403
0.6847361622183515,327.34000000000003,0.9541,2.6663007428772296
0.38722697366073644,474.56900000000036,2.9516600000000013,6.618434871012835
0.39794579649505146,380.40999999999997,4.123380000000004,4.456754351948823
0.538454043641508,453.4890000000002,4.112800000000003,6.010125561465873
0.7081208478643503,290.407,2.4415000000000004,2.907534667090431
0.11296668691774092,668.3269999999999,4.652200000000003,7.218845504047703
0.7229084138584027,467.3630000000003,4.102200000000003,6.450031694460551
0.6679725134211028,400.56300000000016,4.015480000000003,4.2268375468764265
0.47992289530071386,424.9320000000001,4.345470000000003,4.287863352459921
0.6590690990761945,343.51500000000016,3.656500000000003,2.9693773840190776
0.6585300111735489,250.34199999999996,1.3294699999999995,5.525501302341137
0.47275899559250273,276.40900000000005,1.7922,4.156964328139902
0.3251112415965791,570.7000000000002,0.4623900000000028,7.093853618769207
0.31629012150284563,550.9070000000002,4.147000000000005,4.061455948540724
0.6077638998828426,436.33500000000004,3.807900000000002,3.3182117866185603
0.7546831272033665,245.27800000000002,1.4753,2.3346787744082036
0.5705177239938877,327.45300000000003,3.879400000000002,2.967528980780953
0.5045126787455338,405.52000000000015,5.200200000000005,3.1948836925050994
0.8956800899045092,327.432,2.5716,3.475324503671919
0.5944504240949776,446.54800000000023,3.493100000000002,2.7536051304685376
0.6498862419597599,155.584,1.9082999999999999,1.778458927115075
0.21421853844291336,425.5110000000001,7.550990000000006,5.325504282973378
0.8613827058859382,232.327,1.7870999999999997,1.6871563777589245
0.185532208820645,447.0250000000001,4.448000000000004,5.57316433237134
0.8208817667487563,262.353,3.1509800000000014,3.754381042020073
0.13081476050389032,539.1280000000002,5.388170000000004,4.874142531290477
0.49747848139566236,276.73100000000005,1.7991000000000004,4.263936123011696
0.7732815594644453,337.46700000000016,4.269420000000003,1.8401618789585186
0.8332906608143007,332.40700000000004,2.9402000000000017,3.3953030033284097
0.04031122427483171,547.6830000000002,2.3291899999999996,4.697347056959174
0.3273963449501084,364.18399999999997,1.3029999999999993,3.400478228508577
0.3912347351108271,368.49100000000004,4.018570000000002,3.527814565997507
0.7759028126820188,414.46500000000015,3.565900000000002,5.2249638212932314
0.11351788175555895,482.71300000000036,6.139900000000007,3.904143007834561
0.6322598189895661,401.15,3.182100000000002,2.036971206639066
0.44796241185499636,500.4330000000001,3.805180000000001,3.916734247049228
0.0624103599082654,546.6690000000003,0.36420000000000335,3.917775064060364
0.4877495747153285,443.33800000000014,3.8621000000000025,4.86282275060553
0.5444327426741319,289.48800000000006,4.503200000000005,3.441631180006822
0.4963215178519717,432.73400000000015,5.740800000000005,3.4414490771204838
0.4729834043398349,454.4860000000004,6.6481000000000074,4.137990758913083
0.29363572030566204,360.4580000000001,1.5298999999999996,4.728453815443748
0.8232933764315014,335.29600000000005,3.2315000000000014,4.45724701371365
0.8439904476027086,359.3920000000001,1.9944000000000002,2.4381555348191775
0.5066860261511129,429.5330000000002,2.4963000000000006,2.9724985753673785
0.44628507539711365,457.8290000000003,6.192320000000005,2.6627087384637775
0.81837666882837,379.9090000000001,3.6971000000000025,3.6837129518123177
0.63158714231553,350.72400000000005,2.6239,3.0077356730978853
0.6874332227794921,321.40900000000005,3.913300000000002,3.639852442657091
0.17982892553563093,434.3270000000001,2.7356000000000007,6.666654882465115
0.5743187187977788,385.4580000000001,3.8466900000000024,3.5716494003100063
0.7443383027529605,437.47600000000034,2.8364900000000004,5.136663318809274
0.19701034342666449,543.6760000000003,3.65864,5.03898626811712
0.5559449825685883,434.62400000000014,5.5293200000000065,3.658699894160212
0.16839968901301228,642.8160000000004,6.859800000000006,3.790007788176646
0.14064666995793842,462.91700000000026,1.3105,5.6800287974258366
0.48750701920893397,478.4050000000002,3.477500000000002,3.91391582552193
0.8993043515755772,257.297,1.4212,3.8266091423671273
0.8510343007194575,342.4190000000001,1.4248899999999998,7.158329800251015
0.21023681299033103,474.9800000000003,5.633290000000006,3.9024449346480843
0.6410061338531088,346.40800000000013,2.5570000000000004,2.770012685646824
0.4884897804811351,374.387,2.814000000000001,3.789136725065073
0.761795361550547,356.4260000000001,2.5454000000000008,6.648172372590256
0.4394310706349823,410.54100000000017,4.680400000000002,5.069071200258623
0.6664024375395223,473.60200000000015,2.439,4.836919926569426
0.61314642699921,358.8290000000001,1.2138,4.977283451191343
0.4526883141052624,338.426,4.456670000000004,3.6829828845282915
0.5303374232819688,460.38800000000015,3.3389700000000015,3.647711544130158
0.6492239540690644,332.4030000000001,3.4703000000000017,2.9748100763267704
0.2341462861379097,570.1240000000001,6.219800000000006,2.931983264825927
0.25856509618049583,548.6090000000003,6.657400000000007,4.1707807106320995
0.5463983122117205,405.58300000000014,3.7459000000000024,4.3983722467918955
0.5489149725420167,423.4880000000001,2.5688000000000004,4.8186990822140645
0.8188808080436207,273.355,3.2513000000000014,2.1196137710999405
0.7626844696180594,260.447,3.2056000000000013,2.9771081902321654
0.2630191485959537,418.85200000000003,4.675700000000004,3.7015903061366107
0.2596893983142009,339.548,6.929200000000006,2.8507309621698678
0.3301192966096925,483.4390000000004,7.622400000000008,2.430438641551966
0.28066209254787616,438.5240000000001,2.3517799999999998,5.602379709480027
0.44915917635465014,439.52100000000013,2.7479000000000005,4.828342192949483
0.5079922393286899,498.5870000000003,2.5764000000000005,4.670969753125082
0.6600131344737293,219.269,1.6703,4.514779255698752
0.8385843605481225,246.35399999999993,3.6968200000000024,2.0488235707882954
0.14823066117323458,482.9610000000001,3.695500000000002,3.6121548738165927
0.2455823149730499,401.4410000000002,0.5417699999999999,3.8755101707974218
0.36654230366743784,433.5590000000001,0.45110000000000205,5.45690140722388
0.06872694079424282,585.7700000000002,3.8941900000000036,5.907437159004762
0.19738270378727418,541.6670000000003,5.662800000000005,4.371465956026215
0.7938053059420019,270.26399999999995,-0.1210000000000005,3.5019410950298484
0.22073124743887085,374.44800000000004,1.3946,4.784348744432056
0.6009717783357013,398.48500000000007,1.3589699999999998,4.783990252690711
0.9201746996997964,262.286,2.2176,1.5270489644534528
0.18605941259691314,433.46799999999996,6.084700000000005,4.1225993795735505
0.5764851886283517,329.3520000000002,1.7397999999999998,3.054303039088481
0.36413868517872605,448.6110000000003,4.414400000000005,3.1389665261673514
0.8482575953292769,232.287,1.0991,4.165472537375299
0.6182161758658649,373.45600000000013,3.584100000000002,3.1618644617358687
0.7899769726698785,366.33900000000006,3.2147000000000028,5.2518164196067
0.48762467615075755,490.0290000000001,1.9322199999999994,4.653587927200222
0.3941567519697838,441.55600000000015,5.9887600000000045,3.746291506455938
0.4856742058615751,459.6160000000003,2.1372,4.038250660154386
0.6020563766036713,460.5560000000003,0.05740000000000234,7.232888795118495
0.3233841818595447,324.808,1.9604999999999995,3.423092660179128
0.8525617680879064,278.743,1.87222,3.0542910335100037
0.6733682109318098,192.258,2.775900000000001,1.5714182375139991
0.10301770252043987,624.7020000000002,2.913640000000002,5.277069909779062
0.5573058857634964,474.62500000000017,4.222970000000002,6.098488288781259
0.5906045815662241,387.4790000000001,5.371400000000005,2.318816052742946
0.4935153615071051,427.5680000000002,5.229290000000005,3.3892054109603142
0.1747713112603383,464.55900000000025,2.1171,3.4728613884202693
0.07225119030790632,477.61600000000016,3.7184700000000017,4.120022097425523
0.3610255748755335,482.57400000000035,2.1186999999999996,3.8268447776304164
0.5806555085162439,463.9650000000003,4.575340000000004,2.657602054124352
0.26956158362189064,422.5290000000002,3.770400000000003,5.319196529877247
0.41158271587635514,363.50600000000003,3.678800000000002,5.4725013340593165
0.48571643812437737,293.41,4.889200000000004,3.241316717960385
0.2055371819825263,596.7120000000002,3.3943900000000014,6.721518651782036
0.334352615181126,379.3690000000002,-0.3460000000000003,3.402247488292123
0.301150379587252,386.41800000000006,3.8179000000000025,4.910104446271193
0.609084058593285,348.193,0.7814999999999992,3.436191378849432
0.7272518528918107,451.5480000000003,3.5096000000000025,2.857084652094935
0.5680342855366758,441.5760000000002,1.5383000000000022,3.733098653465424
0.41944831564434254,503.08400000000034,4.459690000000004,6.11918815883105
0.15744357544529622,515.6800000000002,4.696170000000002,3.659616672170225
0.8425872802719482,323.8200000000002,3.4223000000000026,2.458171837535396
0.37522783086842665,453.8880000000001,5.636500000000004,4.391490199403863
0.6614274384764395,414.39900000000006,3.621100000000001,4.244650197125452
0.5089500444337607,423.4690000000001,2.553,2.9544921054698783
0.3695355020351041,400.4050000000001,3.7246900000000016,5.460960492440584
0.36537455064429225,313.36100000000005,2.6420000000000003,3.508099772973834
0.08887264278440081,420.8900000000001,1.3998999999999995,5.834080063475835
0.6646681050280662,369.3770000000001,2.3169000000000004,3.7815745448339726
0.3727819877913308,447.49800000000016,3.168300000000002,4.393914932573144
0.7117605868499419,319.8760000000001,4.396700000000004,2.9141098415676545
0.5574608532817624,318.358,0.4284999999999999,6.834890605325904
0.513132250820644,227.28500000000005,2.1955999999999998,2.1824287231995214
0.29990254291308804,358.507,4.4953100000000035,2.3645679394733463
0.3186714183747247,346.43500000000023,0.0004700000000006921,2.8217046367663308
0.823941456809241,323.396,3.590900000000002,2.9995773741257654
0.8754607177404701,333.391,3.3417800000000017,3.4325435378652323
0.1345472987246185,416.54400000000015,-0.02079999999999793,4.0618444677395855
0.357903894417422,351.7900000000001,3.0966000000000005,3.7383314889501653
0.762234530203155,385.43400000000014,3.774090000000003,3.1787356281206574
0.3220577001238721,357.288,2.967670000000001,3.80311277463818
0.5311554856197389,494.50900000000024,1.8292899999999996,3.5868687820603338
0.657908766348731,436.6210000000002,4.583200000000004,3.242936210137314
0.3645095863547668,423.5530000000002,5.156900000000006,3.575716005290987
0.4879795511154659,422.5290000000003,2.8378000000000014,4.934168200878781
0.5193370340129211,452.5140000000002,4.3762200000000036,3.5930139906579175
0.5860708115117939,350.41800000000006,4.3948000000000045,5.312881710018539
0.26784325155363603,424.54600000000016,5.409490000000005,2.960421363054932
0.6639354933056717,338.794,3.144800000000001,3.889562691648134
0.8861517496478349,340.46600000000007,3.831190000000003,4.410914867048643
0.6993001163754391,333.47500000000014,5.694620000000006,4.721675460942155
0.6882886870544984,389.39500000000015,3.583700000000002,3.1168523406028
0.6632903813684307,338.4950000000001,4.036100000000003,2.610169691711386
0.5912836715793134,246.3059999999999,3.0985000000000014,2.749191869692339
0.5043298317946644,310.35300000000007,2.53012,2.174671641105702
0.48230610997101886,307.30600000000004,1.27942,2.569693648963945
0.639071344358004,347.39100000000013,1.9852699999999996,5.651096721126476
0.12558501935644162,588.6170000000004,3.539100000000002,5.526726937068649
0.7014677849687206,422.298,3.8640000000000017,3.0525537215703027
0.6443839828311116,306.45700000000005,1.8381999999999996,3.5418504179271846
0.1253987718365335,519.5980000000003,0.4664900000000039,4.275520984402056
0.6248564799596453,410.9450000000001,5.044800000000005,2.8873850254076157
0.4600802493448939,359.3660000000001,-0.10420999999999936,4.970354553171134
0.44082626864305857,489.6350000000003,7.075200000000007,4.481096335693357
0.22411048258035568,403.88800000000003,1.7966,3.292281412540584
0.926042080988399,273.38399999999996,1.7923200000000001,2.7198323945817204
0.27497513361287435,451.6800000000002,5.741920000000006,3.3017950475523197
0.3009285162981824,486.54400000000027,3.196200000000002,3.4692047231703986
0.11295874452881527,560.651,3.1826000000000008,4.107334039162527
0.6391998762194929,495.4570000000002,2.968400000000001,5.056026427268185
0.9135736541287515,294.398,2.9506000000000006,2.9482085855639344
0.7898599630782438,229.239,1.997,3.514360729682993
0.5050439933705608,432.52200000000016,2.1511899999999997,4.594177912133469
0.6157316497875676,422.4850000000001,2.155099999999999,4.30793893191795
0.42972174538693486,353.3860000000001,0.7140999999999996,6.801181052817052
0.7626068239381694,379.84700000000015,3.816600000000002,3.735730269530329
0.17751211838398254,509.6250000000002,2.95678,4.5247215588241545
0.31205693887925273,305.2830000000001,-1.0192999999999988,3.345993352014477
0.765070066487838,236.299,0.7533899999999996,4.412148120302095
0.225181819803628,498.90600000000023,2.46315,5.337784641694959
0.7740568107019394,369.4430000000002,0.8678999999999997,2.187194379989352
0.1874930228660933,376.58800000000014,6.854680000000007,4.056419880257409
0.6231123109336149,343.814,2.7692200000000007,3.3508442560804443
0.39423765511648573,451.5490000000003,-0.21399999999999753,4.019600830465812
0.41566000020545013,423.41000000000014,4.580900000000003,4.680444716772634
0.3517672189271092,478.56800000000027,4.449500000000004,6.078781835619115
0.7038504446468478,336.43200000000013,1.6677999999999997,3.276422509147209
0.46002092417989693,262.43699999999995,5.768500000000006,1.5310458666014402
0.151495350870325,472.5890000000003,3.306400000000002,4.9261758607366435
0.6705794771906625,421.4680000000002,4.835920000000003,5.130636204133596
0.33774949880798366,477.56500000000017,4.732420000000003,3.322158630592658
0.6845994323571137,341.408,1.7682000000000002,5.419122116735629
0.7264381012043953,219.18999999999997,2.5908000000000007,1.7967730907329482
0.26884364961716195,415.51500000000027,3.505880000000002,4.415234152290456
0.28562263622099926,302.266,0.8562999999999998,3.5447064593305146
0.8720595007844364,347.4400000000001,2.1058999999999997,4.153505590245215
0.6006120623666781,398.5030000000001,2.6504000000000003,3.5106307256488734
0.43823271261258273,430.5140000000002,-0.3077099999999988,5.1279183081080735
0.773287215129939,397.4710000000002,3.9367000000000036,3.371809254064372
0.4350511885346442,368.3890000000001,1.9770999999999999,2.843738884914945
0.8361347462983877,329.78700000000003,3.211100000000002,4.119485210757098
0.10637803856219798,452.5610000000001,4.296570000000003,3.978695924864282
0.6076708610644993,346.45000000000005,2.735800000000001,3.6426016087845916
0.24900368332922926,455.5080000000001,0.7134700000000015,6.728581601898867
0.23254907903067604,461.4760000000001,4.516500000000004,4.284524319897729
0.33060379660093586,503.9810000000002,5.028820000000006,4.344086761631937
0.29829114164910564,476.6020000000001,4.091800000000004,5.97213878394753
0.21263326321655446,484.57200000000023,3.484300000000002,4.5637607048916475
0.38691761040188255,471.30600000000015,5.312400000000004,3.612859010657713
0.3836824931603406,171.17999999999998,-0.7308100000000002,4.034860311407838
0.35289992258820085,520.6890000000001,6.469700000000008,3.965075203659773
0.3240513288269454,492.5880000000003,1.9217000000000006,5.103091712840482
0.2634147200397257,430.4210000000001,1.5800000000000005,3.3961927140568724
0.8063518093787602,255.36100000000002,3.963700000000003,2.0845874050629796
0.5529871958693549,474.0050000000003,4.180400000000002,3.722519333843434
0.6392726039874197,283.35,3.480520000000002,2.8477306317814755
0.25882431513049453,540.0630000000002,7.324500000000006,3.7098702595218462
0.581892193531123,437.48600000000016,4.798000000000005,3.8834265798868284
0.6443198094835988,341.48,4.793180000000004,2.4600107304114225
0.6457653171746285,208.217,0.9956000000000003,1.9416261769652667
0.17274668249933234,502.6410000000003,3.2455700000000016,4.461439896660021
0.4547591522984144,425.9120000000002,4.866000000000005,1.9790936613854058
0.7810067033470603,379.9530000000001,5.142200000000004,2.3484496288287655
0.6412552823590231,327.471,5.769400000000005,2.0627089284843354
0.5294113960727709,390.5230000000002,6.190620000000006,2.864273468529772
0.3581232261133984,402.3230000000001,3.2107100000000015,3.9513488950395175
0.4795238286320806,406.39100000000013,0.06874000000000113,6.478576652290456
0.11208966416475126,554.64,2.0303799999999996,4.548713439091022
0.7395935483334544,297.333,3.5086200000000023,2.3609519286153287
0.42225436039625536,409.5710000000003,2.9274000000000004,4.880963032912153
0.8224963488446421,365.80800000000005,3.583890000000002,6.462518207767365
0.43028153994181717,335.3600000000001,0.2395799999999999,3.4868692847830847
0.316207502466112,509.56300000000033,1.2228999999999997,4.875387939634403
0.2320590112436968,426.5790000000002,2.7253000000000007,4.936469216924219
0.8347183752091157,349.4340000000001,4.735000000000005,3.4079138969480685
0.42972394173214395,341.406,3.671490000000002,2.7044627746381806
0.5278217244475619,401.51400000000007,2.9198000000000013,4.174967987887194
0.3070788635781959,406.5110000000001,5.437220000000004,3.2290866737592667
0.5198206254351506,454.4870000000002,2.26757,6.194244413570916
0.643213506620729,406.4610000000001,4.165200000000002,2.3967476978965614
0.5222996012793861,382.5040000000001,5.945100000000005,2.3809928257433466
0.731701919223369,452.64400000000035,4.397890000000003,4.395634878378642
0.7137618071057811,302.46199999999993,3.956400000000003,2.356107678106115
0.6482400196056336,313.83200000000005,4.416140000000003,4.06128137316106
0.3633552006265732,434.4180000000003,3.8026800000000023,3.510979016661431
0.8876844092235349,321.445,3.508600000000002,5.168254285339353
0.4064949336106128,600.6820000000001,5.434700000000005,6.3323117918916925
0.7959960645338333,324.3990000000001,4.188400000000003,2.7700514853087004
0.8833792280926899,271.72900000000004,1.5136000000000003,3.0940419931854466
0.6509883591731741,338.295,1.7348,3.408641784808154
0.38381122120581396,344.374,2.602870000000001,2.010200799234971
0.4390769300676022,504.5910000000001,3.329320000000001,3.699337694986255
0.5044589122854852,341.302,0.32099999999999923,3.863975851561259
0.5758831435862842,321.42100000000005,0.4934000000000004,3.5849307559811043
0.4687675140122332,447.5170000000001,0.19640000000000013,4.7398824751370014
0.6230941484365771,487.6200000000003,4.532510000000004,4.878218674723246
0.1838584140291938,360.3950000000001,2.910400000000001,3.1626622191839138
0.8811681241140915,275.373,2.915800000000001,2.441208424700285
0.5434287130975656,435.5240000000003,3.0523000000000016,5.586554002809705
0.5800557581488526,440.5250000000003,1.6562200000000005,4.576558629725376
0.312383939532134,425.57200000000023,5.822570000000006,4.525577772504056
0.694752273336564,318.841,5.121400000000004,3.1464148163704593
0.3512908137339418,423.47600000000017,2.9902000000000006,2.768611930068234
0.8038460467887766,429.39800000000014,3.8203000000000022,5.584918704612161
0.5350138501939314,479.54100000000034,0.5886000000000013,6.147038497178468
0.43002616881383543,436.43100000000015,1.4072999999999987,3.1272255711997303
0.7598385175865284,402.5380000000002,3.6030000000000024,5.413229522809674
0.4384000239481842,468.4850000000003,2.1558999999999995,4.157530683257714
0.08754274524020356,479.53500000000025,0.33907000000000087,3.5246818031499085
0.21031841281524963,498.0900000000003,7.8420700000000085,3.7184855140185107
0.6065481234348583,390.4350000000002,2.8158900000000013,3.6258365612157295
0.17773595650230956,584.1690000000004,2.5950700000000024,4.897510499680637
0.5520331060175185,413.5470000000002,2.0462000000000002,6.110812500476474
0.306100557223665,522.4650000000003,6.113700000000004,3.3967199451422694
0.5530046450999377,488.05300000000034,3.7680000000000025,4.325307031297236
0.7709133056341232,422.3160000000001,3.6743000000000015,3.5689219617358674
0.6181782165915638,330.8150000000001,3.5005800000000025,4.18900168404332
0.34802446532407577,397.653,3.8062000000000014,3.06131431309972
0.31644484302588977,404.55800000000016,3.582180000000002,3.909698687814222
0.6801181859821959,370.4260000000001,4.6346000000000025,3.41952679115225
0.5520028454259404,418.96500000000015,5.535300000000006,3.679261974274504
0.5077042958249205,409.88300000000004,6.102200000000004,2.9982710305438705
0.258271986600468,461.49600000000015,1.3460999999999994,3.5624801979306806
0.6325539060616547,394.5150000000002,3.8034800000000013,4.257354824043704
0.5082769692452049,485.5550000000002,5.109690000000005,4.749931446568292
0.21804078034734048,502.8460000000001,6.472400000000004,3.1359629254835735
0.7964055426579408,317.392,1.3728999999999993,3.0255197605117576
0.39080570683475463,416.48200000000014,1.4662999999999997,3.6420034772839243
0.7099707319095808,383.83500000000015,3.905400000000002,3.5458220397503872
0.4251490055065796,432.56800000000015,3.846300000000002,2.8593166157947607
0.32979908776471756,427.4310000000002,4.898400000000004,3.1552976955731946
0.8970537529011967,253.34199999999998,2.6987000000000014,2.572001049934169
0.5924816934259861,430.5480000000002,5.515600000000005,4.259916271331428
0.5330233337279078,435.50200000000024,1.6798,3.691201187511129
0.5219962009171023,414.50600000000026,1.6442000000000003,3.3603016383711957
0.8118723478987792,373.54500000000013,3.654620000000003,4.393027737772373
0.7700880760001056,320.21900000000005,5.2077000000000035,1.8363080272118317
0.13864659690379566,523.5980000000003,5.729300000000005,4.031647854998711
0.6009009379975586,143.25500000000002,2.1020800000000004,3.901736429315484
0.7920881902696473,258.325,1.0783000000000003,4.601474186389576
0.21147835648632823,442.3870000000004,4.630500000000002,4.170059793316097
0.5841256951275116,317.414,2.894870000000001,1.9154910494944488
0.4211389714715928,469.7580000000003,5.719000000000006,3.712966839901754
0.5513576937230394,329.35900000000004,0.4568499999999999,5.778106742621783
0.32890949054118934,417.4360000000001,0.25470000000000076,3.0251444212500376
0.7389568385644676,223.31599999999995,2.4142,1.7975180557679131
0.34785516044357884,675.8770000000001,7.699520000000009,6.278142460974105
0.6694283019077728,397.8810000000002,5.010800000000004,4.26959091576964
0.13346809347898372,481.6370000000004,3.772000000000002,6.973959552209706
0.45139947067563124,450.5600000000002,3.6286200000000024,3.691621836726668
0.26392415327816293,434.56600000000026,1.9613699999999994,3.848631631237253
0.42508925157206956,463.5060000000001,2.9918000000000013,6.529964795304141
0.8495132576517243,338.8350000000001,2.910700000000001,3.884180770581782
0.2559270535357895,248.286,1.8142999999999998,4.554760222372005
0.5163240036921432,433.55200000000013,3.516320000000002,3.66059346927472
0.6433758758400888,283.29299999999995,4.115720000000003,3.219669641545284
0.6879366447193466,336.38700000000006,5.129400000000004,2.7086300823304903
0.6599887459034502,253.342,1.9009999999999998,2.513675057997247
0.6796114008258846,350.84900000000005,5.2817200000000035,1.9231012361766417
0.7855731368816693,291.375,2.7560800000000008,4.0463399634334305
0.5047005243586393,439.8860000000001,4.514100000000004,2.7637822936482817
0.6397977623144392,242.274,3.456900000000001,2.0541475526887467
0.5794966006942016,452.94200000000006,5.399800000000004,2.9176602039343997
0.3613660652846984,566.1420000000003,4.914100000000005,5.881749598828924
0.25336152338628654,505.3940000000002,2.9683800000000007,4.961590846919947
0.6498648273774773,291.37199999999996,1.3818999999999997,4.42143534045705
0.5185017925760665,290.29800000000006,-0.3368999999999997,5.11083784795796
0.4810216464038051,422.3130000000001,5.370100000000003,5.027952129819329
0.2575738288770507,455.5180000000002,2.3648999999999996,4.697253237125735
0.5606707284555943,272.35600000000005,0.90784,4.135914421765063
0.3587244330233498,401.62,5.218720000000005,2.358172272617635
0.2061875753595251,423.51000000000016,3.688200000000002,3.6496706907519947
0.7882877669263779,357.4350000000002,2.4191200000000004,4.2629903510520455
0.21628678236735824,451.5040000000002,4.477300000000004,3.79413689032493
0.5742837132341927,387.504,5.648100000000005,3.4886391334056617
0.10842286049970216,555.4220000000003,5.817700000000004,4.453458756246995
0.4226146363208643,424.65000000000026,8.513000000000003,3.975265565196011
0.8638814136329069,287.245,1.4722999999999997,3.9985452399371697
0.7181266822087349,381.53700000000015,4.223190000000004,4.337203714229174
0.5959473441560746,421.5210000000002,1.2976899999999993,4.588547485829892
0.7607061780905295,387.45500000000015,2.6432,4.370298512736042
0.4303365267164739,499.57100000000014,2.0242999999999998,3.7716881142328154
0.6508635193519231,274.3280000000001,0.47049999999999975,5.150385975064113
0.3032717262570434,490.9840000000003,3.645400000000002,3.301873076228685
0.2766451196133759,460.6910000000004,2.9129000000000014,3.3886204562304183
0.3621495659894677,532.969,4.613420000000003,5.977771325955508
0.7131724284134038,388.5120000000001,2.1804999999999994,3.4412759941936883
0.7960394216726987,330.36499999999995,2.3712999999999997,3.593775512618805
0.5838101770252282,404.4130000000001,4.393100000000003,3.9166583723160215
0.400697425328199,398.4150000000002,1.4351,4.703407986436867
0.5310761967723655,363.46500000000015,2.8360000000000003,3.7107231155976166
0.6904715517172968,422.47800000000024,3.5137000000000027,2.4293791804330453
0.33015670253334173,629.7650000000002,5.7572200000000056,6.4324618541599365
0.8023841812443672,304.312,2.6117,3.153823614428452
0.5947850654218275,390.43900000000014,2.8794200000000014,2.9139150009875934
0.5677018942351961,477.6100000000002,2.16652,4.125055866106152
0.6751082709671837,322.38700000000006,3.649020000000002,3.9488754353489375
0.5631104472294405,337.4670000000001,3.524670000000002,4.536176296934279
0.17435851499939028,478.6020000000004,4.245090000000003,4.0868347847307085
0.4356681631886107,322.31600000000003,3.6555000000000004,2.466897327526185
0.7455933223314261,395.4520000000001,2.0204799999999996,5.969255006783354
0.7838434659082248,296.36100000000005,4.014000000000002,3.1288058425451624
0.7838725024041208,372.831,3.266300000000002,3.1733691817713527
0.5824847701930636,304.35400000000016,-0.10880000000000001,3.437554126417526
0.8165669471284225,272.3140000000001,2.842900000000001,1.9320054021602218
0.6955222126227265,438.54900000000015,3.7268000000000017,5.691379794584598
0.32798327311731595,452.654,5.381000000000002,2.680358369600878
0.3296455742050171,496.6290000000002,1.7926000000000002,5.854461789124249
0.3035576088239502,608.4580000000003,3.821200000000003,4.960383783905911
0.34215377465904323,535.5020000000001,2.2433999999999994,5.930493439804845
0.45775287894893274,455.5550000000001,3.963200000000003,5.423974398548927
0.4351497097442847,344.39400000000006,0.9036000000000011,3.379250081743889
0.5266696553236121,395.88700000000006,3.778900000000002,4.400601006972789
0.0654252306697112,671.9450000000002,6.478860000000008,4.655555309610845
0.6973197304155573,390.89800000000014,3.4506900000000016,4.333808558296252
0.6615589702105136,280.368,1.0180000000000005,3.147073430131483
0.7535243859068667,343.40200000000016,2.3264000000000005,2.4350012361766424
0.48362297949147975,308.682,3.8218900000000025,5.073140323894664
0.5715977829732951,284.35499999999996,3.874900000000003,1.4879361803312854
0.730433153024638,365.4330000000001,3.590300000000002,3.3079828789112273
0.6817915856821618,450.9010000000002,5.0995000000000035,5.31143304585642
0.41430276816951894,57.056,-0.08569999999999994,4.018861508006442
0.33947088427344063,401.49600000000015,1.9633699999999998,5.169317532655226
0.5006162086203222,499.52700000000027,3.708120000000002,5.231186387428098
0.5235589816024944,343.4060000000001,2.9068000000000014,4.736392768634461
0.2836826099718013,366.4770000000002,4.4478000000000035,4.079581995998577
0.3278274660277234,323.3530000000001,-0.5195299999999985,5.480215593118219
0.8375403058870481,299.334,0.2958999999999999,3.917953900633588
0.49959526644372865,450.92100000000005,5.493190000000004,3.634455889553127
0.13559387036986434,672.7130000000004,0.7562000000000053,5.231220761630885
0.7685030756620338,343.8090000000001,4.607470000000003,2.717384583553738
0.5028027225430706,416.81400000000014,2.6751000000000014,2.981464016951268
0.11252834908314957,750.0969999999998,6.602600000000007,5.859610193639098
0.10878655807575369,484.98000000000025,4.255500000000005,4.144335748293463
0.4400483741122723,416.3820000000001,4.861600000000003,3.6760284974745296
0.25527031512878073,469.6250000000003,2.66186,6.604979433792758
0.45171264237910264,525.3610000000002,4.590090000000004,5.346285034405032
0.586791521472294,365.4740000000001,-0.042119999999997604,5.803027002002295
0.8069530009085993,201.293,3.3557900000000016,3.048915587498014
0.4211856697478621,399.5350000000002,2.7433000000000005,3.1239358600160463
0.35058539530190574,499.54200000000014,3.256890000000001,5.727222979808807
0.8521889436555281,332.452,2.8771000000000013,3.9854770120331224
0.854294338442462,327.46800000000013,3.7280000000000024,6.501841050526684
0.6002449758500392,392.37800000000004,3.0967900000000004,4.081314012185418
0.484887361492069,289.364,1.30087,3.4003271314238264
0.6520249938696459,385.43900000000014,4.591100000000003,2.3409738908321067
0.23980986343182262,452.60300000000007,3.404300000000001,5.475055841082991
0.21768557460393523,461.38500000000005,5.195100000000004,3.7862477369703544
0.5567138545222944,428.4760000000002,4.527500000000003,3.7558033830596873
0.6239007467572864,428.5360000000002,3.336920000000002,3.6570535538103295
0.7374695305750111,384.4760000000001,2.751900000000001,4.637812160578478
0.6843800129304375,385.9390000000001,4.891700000000004,3.7008500660060752
0.5131581924830906,429.4540000000001,0.6352999999999999,5.714317281562549
0.7333826308710034,344.7580000000001,3.277020000000001,2.746089520407928
0.6486148057156526,276.08099999999996,1.6162899999999993,3.2535096572654547
0.1303191409787132,646.778,1.3287700000000018,6.76304221994369
0.4265253757368022,413.3490000000002,3.0558000000000005,3.4899092376037073
0.39890608687520157,419.8680000000002,3.971600000000003,3.938286234329703
0.6291192354491049,480.61000000000035,3.9075900000000026,4.204241708359065
0.42283663737936045,330.286,2.1327,4.563185926819989
0.5057502550186114,332.322,2.6414,3.349746621940513
0.3230293552167728,443.6390000000003,1.0276900000000015,5.420806498931157
0.31737003772732847,227.33299999999994,0.7979999999999998,3.8985396512617374
0.5960899923636074,368.861,2.8500000000000005,3.910417244236095
0.2790118603712269,443.727,3.4266000000000023,4.268543946274766
0.9224064279166226,279.34299999999996,2.904720000000001,3.2480328512013994
0.8495875524859817,267.28799999999995,2.19158,3.988546338838269
0.25192511217373065,639.863,4.1544000000000025,5.2632667698753615
0.25546106975745975,689.9049999999999,5.996000000000006,7.069612312715382
0.3577008213810773,575.7260000000002,6.199590000000006,5.832863152298822
0.429107799530991,367.42999999999995,5.909500000000005,2.1188920816659795
0.8028830197784744,332.197,4.052000000000001,3.0875765241363773
0.6479610109269787,410.5180000000002,2.5544000000000002,4.3034755890468634
0.28368177466608535,525.0380000000001,2.40677,6.057770701971069
0.08668209353080367,744.89,3.076300000000005,5.848647366347324
0.8138315274233934,264.325,1.3303999999999996,3.9583623694734626
0.5831094440474621,418.5060000000002,4.772900000000004,3.680640514852575
0.8401376102977126,277.29,2.1303,4.865240219290204
0.32396018316461583,517.5810000000004,5.131790000000004,4.502434274409744
0.7373096616032997,340.402,3.278900000000002,4.204185005317635
0.648872049686615,369.4170000000001,3.4262200000000016,2.5212766618406253
0.9093196471256458,308.425,3.9213200000000032,2.6940328076373383
0.26247444208053455,422.4850000000002,0.5197000000000003,4.517650905097527
0.5090701905222542,460.4160000000001,3.4269000000000016,2.7135524707911856
0.8337821155231291,310.79999999999995,3.246900000000002,3.293247460582297
0.7647119258015741,295.39799999999997,2.258100000000001,6.097086944141996
0.10057317716758159,611.0900000000001,2.927600000000001,5.267159729263061
0.6505998302768369,343.4470000000001,3.8790900000000024,3.42191365375906
0.3934258669383733,345.75600000000003,2.6731000000000007,5.303667019717368
0.8160563006259943,289.44800000000004,2.689700000000001,4.196696153385241
0.41763370391344506,377.4450000000001,2.4862,5.654364819921977
0.6667400497388088,412.45500000000015,5.138600000000005,3.5780714023000826
0.8480744683669448,300.324,2.708100000000001,2.6380718902905205
0.3354249583013247,365.4770000000001,5.096470000000004,3.129052258694429
0.6530029916034467,361.48900000000003,4.8277000000000045,2.188681365927602
0.7287552147135753,405.369,5.2942000000000045,3.2213568438014786
0.22697179391805863,519.6360000000003,6.864400000000007,3.5036290916819848
0.6462806797783803,445.9660000000002,4.336100000000004,3.9950102311163365
0.7393518951756499,342.4860000000001,1.6736199999999997,2.367069511032909
0.46119886198675547,467.5660000000002,3.4272000000000027,4.638544388053438
0.2710082396399253,234.20799999999994,-1.354599999999999,3.377783158243475
0.11570501766456504,360.4620000000002,2.2725,3.164837181771353
0.6333543472103551,345.3300000000001,3.1580000000000013,3.302269038374445
0.8563458984906865,313.404,4.009200000000003,3.2376674193746346
0.6194737924352205,411.3620000000001,3.282800000000001,5.213920231717786
0.33740340668004853,474.00100000000026,3.9875000000000034,3.771302733795542
0.4921246412663472,454.6150000000001,4.416600000000003,3.069567036254684
0.6606835946002649,367.89599999999996,4.307900000000004,3.348368679296902
0.09238429982527376,387.34600000000006,3.4304700000000015,4.229042455905267
0.34317853644388036,446.49400000000026,3.107100000000001,3.192741060145389
0.6021756195913349,502.8560000000002,4.351690000000002,4.110710402939455
0.6027227305488994,320.41800000000006,1.2535999999999998,4.716484889644578
0.4679898414149116,376.48200000000014,3.4902000000000024,3.158591837641798
0.33707735572581393,344.4020000000001,2.914390000000001,3.4986169388563733
0.5550684746489696,320.38900000000024,2.663400000000001,2.8166068675618305
0.7237246545628434,320.38900000000007,1.4079999999999997,3.968745728508577
0.14315504221927883,580.7200000000004,6.847300000000007,3.5664726702213247
0.12710432693915735,307.3900000000001,1.8017999999999998,4.272443605657158
0.6321087909586189,401.29700000000014,5.004320000000003,2.3568004873125474
0.7241032805451443,387.4360000000001,4.1456000000000035,3.0090866905829605
0.3314131474065651,565.6930000000002,0.9876000000000018,6.146321841012697
0.4104250540592511,382.46400000000017,2.32662,4.5383115892918555
0.8016229247174605,398.4150000000001,3.459100000000002,4.036245658317064
0.3921042056331688,428.5770000000003,2.560900000000001,3.935624391955497
0.06356431731540492,670.8550000000001,6.171270000000005,5.5765703821608135
0.8085822848668303,320.39400000000006,1.44999,4.201018487659465
0.5711209065550868,362.4480000000001,5.030500000000004,1.9107908109129976
0.21402534056270023,577.5470000000003,6.358100000000004,2.6824050992333035
0.7601777205455984,355.1960000000001,4.131400000000002,3.9196719304316536
0.12442042439107655,613.8030000000002,6.275970000000006,4.701455789301608
0.5134558156135681,420.5530000000001,6.235100000000005,3.7131326026215232
0.35373750533898723,315.247,2.664600000000001,6.146420918666729
0.1439012093376675,520.5890000000004,4.323400000000004,3.2348153144669016
0.409462165127952,409.395,2.8048900000000003,3.8137410434907304
0.4494001247677743,463.6070000000002,5.782900000000004,5.763830210736838
0.7294541610094523,392.80500000000006,3.663400000000002,3.5353626607174666
0.09932902478264738,677.7730000000003,6.694900000000006,4.910289302843955
0.9069748901885679,281.363,2.52984,3.0552205435090922
0.7936118401579325,360.7710000000001,3.933200000000002,3.2127056240422984
0.20309432326158125,620.1250000000002,5.306920000000004,5.074151503038412
0.5603666011700777,370.3710000000001,4.133800000000003,3.4037623171993054
0.381899284510254,353.46200000000016,4.959800000000005,2.7529473296137894
0.8835050325412127,332.40700000000004,1.1582799999999998,4.303620839553821
0.29274647401035225,397.85900000000015,1.2548999999999997,3.5541693910292462
0.4073411632655581,309.373,1.7888699999999997,4.809724818634868
0.549311556087353,371.3690000000001,1.96557,3.5534115002995605
0.7326947176686972,341.333,3.856100000000003,4.264463024230643
0.7452637397831443,246.35399999999998,2.5005000000000006,2.4503868545633445
0.48380167388386797,458.3520000000003,5.353540000000005,2.5087486822049865
0.7795694172038978,398.487,4.391200000000003,4.756493575898579
0.09937328714864316,653.8840000000002,6.566700000000006,4.524115112997574
0.6633831628679625,249.35399999999998,2.6793000000000005,2.9255215738343505
0.6347453263109122,397.42900000000003,3.3325000000000014,3.4728297566860613
0.5291670174702442,217.272,1.46757,2.408024325079996
0.6513935719218789,338.2760000000001,3.583800000000002,3.587909401096841
0.6001683107964587,252.289,1.8867999999999998,2.492347425991916
0.2868422098113736,502.5370000000001,4.2394000000000025,5.187341350867133
0.32956354214862243,603.1630000000004,4.513600000000004,7.338921300543365
0.13324592208468483,461.5870000000001,4.518500000000004,3.113633833859657
0.48991844620832187,552.6310000000002,4.046200000000003,6.710959810247139
0.7566035634969163,386.4480000000001,3.897300000000003,2.9588600277720882
0.37357551663081046,531.3790000000001,1.3295000000000003,5.1674001165516055
0.7678105167420923,302.419,3.4334000000000024,2.8276895857452704
0.7462386030334625,418.2460000000001,4.298500000000003,2.2182342695303294
0.7963108380555675,224.667,2.1481899999999996,3.023223228694027
0.4985538123261943,267.35299999999995,-0.3423099999999988,5.002024526982511
0.5727910521142399,490.60400000000027,4.333680000000004,4.794325253558858
0.848424660340008,280.327,3.2324000000000015,2.551102851201401
0.4361113288560989,377.5920000000001,7.637290000000008,2.5357220745771922
0.20558227046116,426.7260000000002,2.35974,4.441406892285239
0.4427754135062914,252.38400000000001,3.2941900000000017,4.526633425181108
0.8087953595511839,389.4960000000001,3.5888000000000027,3.8526444173727645
0.46265723161476824,440.4780000000001,5.077420000000004,4.624361713002524
0.5716636115749482,429.95200000000017,4.173300000000003,3.6568810392568336
0.7878781438127006,300.35499999999996,1.6513000000000002,5.200154384782602
0.47144395100500874,422.4640000000003,3.478600000000002,3.3706739715367107
0.5510445680335647,329.40000000000003,2.0204,3.3828578037268286
0.24978625075389727,298.843,4.072500000000003,3.603656635832209
0.27303918356104134,378.40700000000004,3.6235000000000026,3.0505186557737742
0.6579812060236675,337.422,3.011300000000001,3.5016099576830353
0.2603574515460132,469.9290000000002,4.037300000000003,2.8963040726934057
0.24713308299875944,455.00200000000007,4.355020000000003,3.6282584456926408
0.7186766604298043,382.89500000000015,4.952400000000004,2.7975667210787805
0.48791903873840736,402.88200000000006,0.7570000000000026,2.914775435812965
0.599899429278706,366.46500000000003,3.2040000000000015,2.675749275672361
0.17145453695018562,534.6560000000003,1.6657999999999997,4.160323643147541
0.7761844272769161,441.5950000000004,3.757100000000003,4.473141542436137
0.8824139694832634,369.4460000000002,1.8271000000000002,3.339741432783499
0.8525354723725806,298.317,3.0782000000000007,4.78584069888651
0.8645321019578155,325.34900000000005,3.703100000000002,4.772482998624262
0.4885410419146125,457.5780000000003,4.373220000000004,2.332236351449703
0.6581877787714377,301.817,5.169800000000005,2.1923059155141367
0.8906471969444189,364.4420000000001,2.682500000000001,3.6800336477553417
0.4571854138319919,461.58400000000034,1.4633999999999998,6.252812452069101
0.5901029852420647,501.5840000000002,4.680200000000003,5.590006852272217
0.3270370062911964,472.28200000000015,4.0370000000000035,4.098722337734362
0.4195719179346469,329.40800000000013,0.5353700000000011,5.096960988031549
0.2885314721983183,352.43800000000016,2.3228800000000005,4.292776252690712
0.6757561388056272,262.33,3.7963000000000027,2.084666810607299
0.7649219103401628,440.52700000000016,3.6754900000000026,5.702849309855742
0.43367856768590984,423.5170000000002,2.024799999999999,5.503282456871137
0.8936203821030948,324.40900000000005,2.8084000000000007,3.510176282732731
0.6837067192773504,306.273,1.8863699999999999,5.134758152025083
0.29861626302214495,409.0630000000001,3.6648000000000023,3.5600623402376055
0.2984229736258761,444.2750000000001,4.429200000000003,3.8385188333739517
0.45971703689934035,318.43900000000014,0.7792000000000003,3.8050004071272774
0.4509524257366943,429.56000000000023,6.167140000000006,2.3855524440020233
0.6827471274137252,373.5170000000003,3.7021900000000025,2.804073972028636
0.7205835202827695,379.8430000000001,4.581300000000003,4.217524311468947
0.5723269898158763,431.6020000000001,4.238500000000003,3.853818478970748
0.6185758649997758,147.17699999999996,2.390200000000001,1.8606859132203084
0.3667363459536871,453.5420000000002,5.162500000000004,2.1039298616537856
0.7069790653741718,379.821,3.1445000000000016,2.895847952580951
0.36711863241090315,461.54900000000043,4.976200000000004,2.338645015621445
0.5106801652009342,546.4110000000002,4.213580000000003,4.513730174378942
0.31998518288320515,437.47600000000017,1.6703699999999997,5.399430506663398
0.6802656097794981,382.9350000000002,5.0701000000000045,3.577011849940197
0.4720200624264095,491.94700000000034,3.417900000000002,3.1768226248808364
0.3916486743717339,457.9770000000002,5.791000000000005,2.7923417363922187
0.6275700675532929,173.259,3.4654000000000016,2.015658980778058
0.8127226006798269,381.5180000000002,2.14849,5.114989477456225
0.33700331689815716,396.4950000000001,2.6881000000000004,4.095526645339576
0.11938560224220023,358.2390000000001,1.3378999999999999,3.050350437126113
0.6093287068275134,338.5190000000002,4.416190000000003,5.710290983451376
0.504449691164598,422.71400000000017,6.425400000000003,1.8772765691254705
0.5219656147698238,323.28900000000004,1.91838,3.560787966567654
0.512320482261551,584.0480000000003,3.863800000000003,4.540459139701817
0.4483610240816853,358.44100000000014,4.837120000000003,2.7586803997078437
0.41757982909216457,459.97400000000016,5.304220000000006,3.153966990315684
0.13212772647986154,566.6530000000005,3.1499000000000006,6.030215719825252
0.13717703295360606,373.458,1.6709900000000006,4.0466463293805015
0.4407415150705089,471.5580000000002,3.7822000000000013,4.7330948225250635
0.6437143862918553,348.4460000000001,3.322400000000001,3.5204194453912905
0.20867591411707012,395.56700000000006,6.372890000000007,4.388494366066958
0.6654653848663923,298.42699999999996,3.0840000000000014,2.9746066652759087
0.609009065129378,352.82900000000006,2.643600000000001,5.239928505619884
0.4227622029972813,395.50700000000023,3.9426200000000033,2.430049536905843
0.8816169998392837,354.2810000000002,4.1807000000000025,2.7842143291868524
0.8428111732164836,309.74700000000007,3.734700000000003,4.590816685347811
0.584770530554405,357.45000000000005,4.393500000000003,1.9431479925821638
0.5033600604880005,444.535,3.682000000000002,2.8900271030904268
0.6954384250723753,450.94200000000023,2.4652000000000003,3.9497601950914643
0.740719723894801,203.245,1.78842,2.8419470024812163
0.7654994232744089,366.40200000000004,3.5526000000000018,4.523078546282134
0.6766797360159315,328.50000000000006,4.863200000000004,4.329428612878104
0.7783081469285522,236.29099999999994,1.4653899999999997,4.676201423508879
0.15564931879288552,574.7690000000003,5.632900000000006,3.3941108190939975
0.27325118539686233,445.53900000000016,1.789520000000001,3.1468309731651676
0.4603650659766932,311.3160000000001,2.7480800000000007,3.623930305518212
0.5739520024900939,509.9930000000002,4.946000000000004,5.653910156814018
0.4223226531755718,554.6400000000002,4.4078000000000035,4.448538584228869
0.8226422364583241,296.33,1.3216999999999999,5.4360327321867565
0.6031610983107535,473.6160000000003,4.570970000000004,7.261491502809068
0.8632163386291538,340.4230000000002,3.4049000000000023,3.443825813054831
0.2174856014478419,484.57900000000024,4.2554700000000025,4.524881044569648
0.3138350575256049,431.5360000000002,5.353800000000005,4.623861263019438
0.791145155597486,354.46200000000016,0.29500000000000154,3.6420339429049555
0.40907680816063213,511.07400000000047,4.190500000000003,4.8488089613611915
0.43297617016506773,516.6310000000001,3.1110000000000015,5.574306440118545
0.16792230563841504,617.3030000000002,4.3079000000000045,2.7572182924618147
0.30344326007573286,631.8649999999998,8.428700000000008,6.2102402838691875
0.4020123151485981,380.42400000000015,1.83375,4.438308128120657
0.7574500135277731,421.5400000000002,4.121020000000003,4.858409460318439
0.4035920029428434,303.385,1.30517,3.332929607186756
0.5118163794852632,445.62700000000035,5.931680000000006,4.822730613089336
0.7796599008348787,318.417,1.8664999999999996,3.974738516970115
0.30403154447277353,525.6500000000002,4.652500000000003,4.270868352457143
0.645094100254083,373.30600000000004,2.6664000000000003,2.815425476085734
0.6847800290976669,403.246,5.261190000000003,3.0965903570557636
0.6375303792884995,417.9180000000002,3.8298000000000014,2.699312982445928
0.398668381472069,461.5220000000002,2.951500000000001,2.993507053961478
0.655435011059477,296.37399999999997,2.1866,4.314021777183212
0.4433229767592924,386.5600000000002,4.201790000000003,4.275387270132493
0.36666419841926084,443.0340000000003,7.347700000000009,2.3180456290356126
0.30577049168095644,352.744,1.92147,2.8309177493156383
0.43553045163636217,437.4120000000002,1.5829999999999997,5.407113256375022
0.6925234671887759,379.5040000000001,3.2208000000000023,2.481727709599115
0.2643530932577684,507.6960000000003,6.337100000000008,4.729274816321511
0.5850506303704979,289.36800000000005,0.33480000000000115,5.615973396116097
0.1461747254257037,510.5950000000005,1.0083700000000004,5.184225258404116
0.3201744611710907,372.33399999999995,6.610500000000006,2.4727161170079786
0.4410854300768564,275.37199999999996,3.2471000000000023,5.201230789291337
0.6768445065376928,431.30200000000013,3.246800000000002,2.5961766183910697
0.6917338954675102,353.4320000000001,4.057400000000003,4.1669294569972735
0.5024005788403679,362.41200000000003,3.9948000000000015,2.856499615684175
0.5606327551007837,367.92100000000016,5.077600000000004,2.5114064600572394
0.22445156803267988,325.7910000000001,4.025090000000002,4.332670844979566
0.38828383205024364,516.5980000000003,4.907280000000005,3.774360235319276
0.6060130734537462,366.4650000000002,2.636000000000001,6.603973479947583
0.4731337247453865,410.376,1.13367,4.899124422658872
0.5640263627998523,212.25199999999998,2.0877199999999996,2.922005118704975
0.4602543274665696,439.9800000000002,4.422700000000003,3.5564927788401146
0.4686733492209608,434.6690000000002,2.718700000000003,4.711518877473008
0.6491714516161896,168.19600000000003,1.2070999999999998,2.5331881677426793
0.5706913849970715,123.15499999999999,1.2773999999999999,1.4020680072255587
0.28202186834948,370.50100000000003,3.2920700000000007,3.8778153109504476
0.7788152221988991,363.8920000000001,1.4196,3.936307389572872
0.8136983215624037,258.72399999999993,1.7818,3.3429755300352184
0.37151146260211226,443.43600000000015,1.8126899999999995,4.216879725202675
0.803940861076155,324.30999999999995,2.9376000000000007,3.422199293597334
0.5171470360638732,525.7400000000004,5.2260200000000046,4.109488419337867
0.32678320382910253,488.4830000000002,4.258770000000002,3.44349039348697
0.45866433464410666,460.61900000000014,3.9934000000000034,5.662832493615551
0.9275513195242557,319.43,2.560500000000001,3.1787685022056724
0.5579434342100421,381.51900000000006,5.777700000000006,3.0492022287975704
0.19510671544564887,373.3900000000001,2.8653000000000004,3.5718280341622055
0.6596244105955259,413.53900000000016,4.6677000000000035,3.500967161053845
0.16446737313499357,526.4450000000002,6.562500000000004,3.843331819023372
0.820860604877411,217.22400000000002,1.1656000000000002,1.9766904333902904
0.6744493260786109,393.8610000000001,5.205200000000004,4.341338776065246
0.8199008396499659,376.46000000000015,3.178300000000002,5.323967322234489
0.19723524989269833,492.55600000000015,3.0341900000000015,6.271346215139559
0.42669081555143973,387.52900000000017,2.3856100000000002,4.366469648141996
0.45156645959938363,495.4790000000002,3.3393000000000024,4.051362233862223
0.5393120577578836,438.6210000000002,3.716190000000002,5.934671152140085
0.7959388698229795,405.8570000000002,4.237920000000003,4.564180761256751
0.6912812589779795,371.48300000000006,4.175100000000003,2.0756762361766423
0.28306795649600625,352.47100000000006,5.201200000000005,2.1942976067075204
0.7766357493859581,425.9820000000001,3.9813000000000027,3.7525236139506166
0.876940580549955,336.435,3.981100000000003,3.7660206025640353
0.610204908563279,473.9210000000001,2.154,4.90523370587284
0.8324923357002462,359.4910000000001,4.0732000000000035,3.410675574064328
0.24669688624916977,480.9640000000003,4.360000000000004,3.9315892272706128
0.6694866635890169,432.52700000000004,2.6445000000000007,3.709070690751995
0.4953209266988196,418.49400000000014,3.1143000000000023,3.759636705164576
0.2644677032666344,293.317,2.5779700000000005,4.3013561710394566
0.34773135095394625,392.51100000000025,1.9607,4.40965776619624
0.48469809318603635,490.65200000000027,3.456800000000002,6.653586792020396
0.5908523980746603,361.4890000000001,4.203920000000003,3.8775220445051417
0.44587943665706803,495.5110000000003,2.7192000000000007,3.5112528525551623
0.5203808420496214,473.57700000000034,3.556600000000003,2.2949073605806447
0.7739133376122006,280.44100000000003,1.3114000000000001,4.835534572542722
0.7495388106002466,304.394,1.5197999999999998,4.026191263270952
0.561154871579735,371.54000000000013,5.778200000000006,4.846770461768866
0.5899250839168065,510.6620000000003,5.068690000000004,5.428111771082628
0.5253935917984043,455.59800000000035,3.2292000000000014,4.796222861726154
0.5065323094431001,457.4190000000001,5.9675000000000065,3.818904607543322
0.30438434567101563,401.5760000000001,4.933100000000005,3.9161999213981575
0.5093573739879649,365.86000000000007,5.260900000000005,2.7116394429741124
0.3365045120590948,564.7300000000001,6.172000000000007,4.8559209770160185
0.27778798242367525,564.671,4.641600000000004,5.599736977684238
0.25463722413702267,543.6230000000003,1.1367899999999995,4.302097933359086
0.3099870043966836,417.8570000000002,0.48019999999999924,4.655104607543322
0.2531781169237068,557.4050000000001,5.741900000000005,4.209884627267895
0.3372757166108167,503.0060000000002,3.898100000000002,4.559329559080885
0.24594046679436998,585.6220000000003,4.371770000000002,5.397742448859033
0.47740820494309655,357.48,0.7836999999999996,5.854417052772964
0.7804476425356415,399.09400000000005,1.7776,3.079044983891948
0.4950275533255013,382.46500000000015,-1.094999999999995,4.997250365203228
0.6457601345317685,320.43300000000005,2.5100000000000007,2.9834194255792923
0.4599318183962883,481.6000000000002,5.727020000000005,3.485410283473758
0.5803049021896618,457.9490000000003,5.515920000000004,2.6216240327381914
0.4306277711921062,296.732,1.1456000000000004,3.598156833520557
0.8005274214024658,260.67999999999995,2.9758000000000013,3.0043765119647654
0.8751821496047707,325.34700000000015,3.101180000000001,4.093416811364227
0.5002022101058093,332.329,3.725270000000002,2.8475962942311206
0.5930075427140403,240.3909999999999,2.686700000000001,2.509415845343012
0.8748167136140029,279.317,1.0017999999999998,3.338313552905414
0.39693716576566906,505.5480000000001,5.141580000000004,5.17809518037422
0.3167397817262945,549.4900000000002,5.465900000000002,4.739090427843333
0.3913630322370864,483.47500000000025,2.1254,4.627308101782065
0.8501629315057361,335.812,3.542900000000002,2.161422860908841
0.5622336296393545,433.6000000000001,4.676680000000004,4.12058637850634
0.4945743971426319,340.44300000000015,4.785200000000004,4.357067289688348
0.11051237169089582,406.93900000000014,4.269900000000003,3.964249038761098
0.5554918084764044,404.4450000000001,3.9227500000000024,4.394630671776178
0.600004036735846,284.306,4.040170000000002,4.7926024994026015
0.4906847793885836,408.4180000000002,1.3721,4.181249856914016
0.35272611864517717,537.8850000000002,6.6428000000000065,3.57231460366751
0.79845741125036,350.79999999999995,3.498400000000002,3.939546734637883
0.34693439735427944,413.4920000000002,1.5107,5.0727133608173425
0.25269275776344385,416.61400000000015,4.196300000000003,5.20219296539665
0.40421569348312436,491.65400000000034,7.684900000000008,3.914738477077517
0.21886673442214996,568.0780000000003,5.560770000000005,4.653172930840807
0.6558107147978693,349.4130000000001,4.2342800000000045,3.7879611817713528
0.180563168832506,582.7890000000003,3.1230600000000033,5.1133576526429625
0.8277559540992641,216.28799999999998,1.58202,2.1649886851385407
0.47320499108863584,490.6920000000003,5.195600000000004,4.6023689775951695
0.4126138466941572,226.232,0.9131799999999999,4.582355926938194
0.5289219775823432,407.97,6.024200000000005,3.0912383138934327
0.40850573573088295,333.38700000000006,4.425900000000002,3.615669486349111
0.7398571800623015,305.2329999999999,2.7323000000000013,3.9016562577517417
0.24714478871814385,311.74,3.584900000000001,3.601623349176462
0.3437835054262485,548.051,4.276500000000002,4.296080963348839
0.43488158991960235,398.4540000000001,2.133800000000001,3.6655323099831625
0.8051341050831184,417.439,3.9772000000000034,5.973910714012452
0.7446737622590409,270.328,3.188900000000002,2.665721365683215
0.5732401479671886,427.27300000000014,4.652200000000004,3.544671190599537
0.10777754242383461,560.5440000000002,6.611800000000005,5.683494076175348
0.2848447703201746,470.4790000000001,2.963890000000001,3.8623626562780107
0.31010940840182305,477.5590000000002,5.489800000000005,3.1389895872648523
0.6473066624586492,410.8650000000001,2.3424000000000005,4.472588322110914
0.36916496121740106,326.35600000000005,2.915820000000001,3.220892735103681
0.353066117142849,415.47500000000014,2.1379799999999998,5.181600492440584
0.8686816848350017,330.34800000000007,1.3561,3.738704158228275
0.709964638817312,395.4420000000001,2.0612000000000004,5.08415729825672
0.8309581753823692,375.398,3.224000000000002,4.319703358431706
0.6200828401201155,435.576,2.9926000000000004,3.3593119597172816
0.05614501951507771,520.6820000000002,3.236950000000002,5.628648012165156
0.8942220529811183,324.3400000000001,1.6324199999999998,3.7769007428772294
0.7649750634649851,400.302,1.5090999999999999,3.78972416257451
0.22663957714206465,499.6130000000002,3.4019000000000013,5.638507617215458
0.18024335451753393,439.51500000000016,6.956100000000006,2.7008711668556096
0.5078471806585355,475.5410000000003,2.7065900000000003,4.167841306199518
0.7020844629093461,412.4970000000001,2.9239700000000006,4.411239963804384
0.39652814582139656,459.5480000000003,1.34899,6.973680331306841
0.6533365010947012,378.49600000000004,3.8530900000000026,3.604519431389404
0.18766282553648972,489.3830000000002,6.798100000000005,3.290985650666097
0.5039425019998646,277.77700000000004,0.045400000000000995,2.4497261136131314
0.6329728453191906,273.357,3.3827000000000025,2.3503412512168254
0.7793298914207349,244.29800000000003,1.3012999999999995,2.5919538875303765
0.7561614139531055,340.3790000000001,1.4304999999999999,4.062444402052219
0.8544201973685204,405.47700000000015,2.9387000000000016,5.232616082341007
0.5098050937714168,482.9390000000003,4.7828000000000035,3.3908856208322558
0.9122609909586232,308.765,3.2611000000000017,2.3452177095009947
0.070115155485417,604.6810000000004,4.981800000000004,4.0086017442297575
0.6952406551644926,312.32500000000005,1.6676999999999995,2.9572019785085786
0.45835433870284625,392.4560000000001,2.5597000000000003,5.2601076392021096
0.056390551817505075,853.5559999999997,6.5674700000000055,4.758289318540621
0.22976573277821258,512.4570000000002,3.6377000000000024,4.215854111567589
0.8755312748397089,358.4190000000001,2.8509800000000007,3.222631779163067
0.8596097028054729,338.346,2.266,4.701414565997506
0.7772814035514345,365.45200000000017,3.7067000000000014,3.7768639439883263
0.3672413347842357,389.9390000000001,5.4645000000000055,4.377040655607333
0.6697910847699858,395.43800000000016,2.6458200000000005,3.5959406420132334
0.3040209538519782,561.0860000000002,5.122600000000004,5.3657030468028015
0.4447570380355589,408.6500000000002,6.178640000000008,7.980005700548633
0.5701710929854631,403.482,3.0854000000000017,3.069492100716724
0.3888088318079132,466.6690000000003,4.615200000000004,4.45991071956699
0.16919446219156534,419.48500000000024,0.22530000000000094,5.380228376909646
0.3717589915870443,423.47600000000006,5.208700000000003,2.235666161381207
0.681469909690306,481.54900000000026,4.1411000000000024,4.254272740334609
0.17483324276728873,538.6290000000002,3.8865000000000025,4.891064206475804
0.7402609443213952,286.339,2.83117,4.090149038157263
0.31631345980065495,372.1640000000001,2.9024000000000005,4.1179517328975415
0.633697284327991,405.4580000000002,4.079960000000003,5.155107447304181
0.16279689636998004,582.6260000000002,4.605800000000003,4.6913094110272855
0.6348781941502901,344.387,1.5012900000000005,4.00172888397419
0.2205565864364875,570.7120000000003,1.815200000000001,5.416121028515022
0.4931149811357809,473.57000000000016,4.325600000000003,4.448655882889011
0.8661166478872137,342.3490000000001,3.128580000000002,3.6549601575835418
0.7831356668075073,335.7870000000001,3.2326000000000015,2.926653474896911
0.5596986467536259,405.5020000000001,2.3917,3.4835790416827344
0.8737278222915591,335.2340000000001,4.261300000000003,1.9084002802636792
0.507420055391378,425.8470000000001,3.2303000000000006,2.5981522227834386
0.26009307386075475,408.5150000000002,3.734180000000003,3.3844290240853283
0.3556769728849836,413.83600000000024,1.4918999999999991,3.720002144306461
0.6967570188813107,351.3780000000001,1.7170999999999996,3.265967785255179
0.5053782171810952,490.6080000000004,3.2274800000000017,3.937996379477683
0.6077376401319788,433.5080000000002,4.274020000000004,3.2291179554136873
0.537309411475201,390.4830000000001,3.955880000000003,3.939028625924747
0.5612183176196496,351.35699999999997,2.2109999999999994,4.733482513443312
0.29689948849852194,488.6570000000002,5.7747000000000055,5.928517133708687
0.2937706088463392,312.35200000000003,2.9825800000000005,3.750386163506379
0.1734865356031179,558.7280000000003,5.150370000000005,4.183489065760902
0.7308962514510435,463.96200000000016,2.5006900000000005,4.396713657714499
0.4240888965339316,378.47700000000003,5.245400000000004,4.56159962672038
0.5513388787437277,143.166,-0.28940000000000027,2.8927592128293593
0.11463113093818288,427.892,4.544870000000002,4.209656238484252
0.45623158551953336,390.38400000000007,4.246520000000004,4.471958716847845
0.6397484872666964,335.4330000000001,1.9484199999999996,4.189583503233852
0.44594127056312793,367.3990000000001,4.4690800000000035,3.1611345272628757
0.48967558578762205,505.35600000000017,2.425,4.68252627103144
0.38819734614587237,437.5430000000002,5.156920000000005,3.73441294222841
0.13339408629628788,386.326,1.9491000000000003,4.678439267451326
0.16095384354886055,415.4970000000001,3.524980000000002,4.138809298007993
0.4396219635195531,393.83000000000004,3.7281800000000023,3.6235952369703552
0.3349975208873725,476.7030000000004,4.9177900000000045,6.692769829063827
0.6584377103259714,329.173,3.0946200000000017,3.5548838547671213
0.7039508857729981,404.51000000000005,5.001120000000004,3.5765459766450274
0.640233126188862,418.4440000000001,4.186300000000003,2.3803985637825775
0.30754836171383537,553.6560000000004,3.25,5.463844175267779
0.7565786471261122,367.79600000000005,3.1691200000000013,3.0366274104615822
0.6046522925287958,253.31699999999998,2.926000000000001,2.550649109156172
0.6236331254737841,437.0050000000001,5.124820000000005,2.3902549896809138
0.7123010247946198,416.4810000000002,3.480500000000003,3.1256483189870137
0.13364911727021075,523.7870000000001,7.297200000000007,2.548661047183799
0.6365554842850063,351.4940000000001,3.1705000000000014,3.063674188008359
0.6945632682255989,380.3300000000001,4.637100000000004,3.7103300709549156
0.24611071415876926,487.63300000000015,4.321450000000003,4.863052710631765
0.8134519168784901,329.4440000000001,2.324,4.196120949536242
0.8165767304211999,227.263,2.157,2.434198498913762
0.43848191759497357,476.5530000000003,2.780290000000001,3.4274493568337654
0.31726702087065717,422.5770000000002,3.933500000000003,3.3487776546513484
0.07597372033605296,376.4630000000001,-3.1057099999999966,4.992780225317311
0.48299855324597624,557.7510000000002,3.1476700000000015,5.944093229314452
0.6400410979053796,311.30100000000004,1.1942999999999997,3.1680243883584485
0.431370642425912,344.34600000000006,1.8315,3.610546577455083
0.16506912722794675,479.96800000000013,4.287820000000003,3.5833082018039137
0.42071168567129763,505.5670000000003,6.262600000000004,6.243390010205901
0.47689181965087013,167.08599999999996,0.3775,3.409864072560965
0.46888023702026316,481.6400000000003,5.730020000000006,3.8974980843934572
0.5536702920315739,371.569,2.9511000000000003,4.38598419475717
0.5900532900211458,412.4210000000001,2.2045,2.975040839921286
0.7457727511580514,349.43800000000005,3.7293800000000017,3.300194716017929
0.4534853645549064,430.47900000000016,3.4440000000000017,5.106935901704148
0.47426287541027085,491.51400000000024,5.563400000000006,6.385577248819336
0.7994700312869788,303.37000000000006,-0.13990000000000036,3.787925466567655
0.6378856007830149,386.4950000000001,5.133300000000005,2.7258281083344134
0.43016527229894724,491.6280000000002,4.940880000000005,4.751352585682137
0.6275339656400025,404.25300000000016,4.100100000000003,2.4380239375465234
0.7028450842875397,351.40900000000005,4.227320000000003,2.6339591286711883
0.2567111412595198,451.52000000000027,2.5214,3.073992554894552
0.48159708159793546,391.47500000000025,2.26518,4.183756143240684
0.26819426612132596,564.6680000000002,1.3323000000000005,6.357396357238464
0.5999659970821122,329.3790000000001,2.6235999999999997,4.3298043309705
0.46493716612974173,245.26,0.9385999999999999,2.214142980842839
0.21784425993682854,403.4620000000001,2.09757,4.130568624335552
0.6026986981772217,248.32599999999996,2.4361000000000006,4.39583699118296
0.26750997515071817,509.03500000000014,4.798700000000003,4.198517700545964
0.6959879667932932,405.36900000000014,4.606800000000004,2.469667494295841
0.7232315435851514,423.60500000000025,4.246820000000003,3.6103992870603925
0.6060291260714208,250.19099999999995,3.0637000000000016,2.0874450433790184
0.530094098993666,382.413,2.2833000000000006,3.116412181771353
0.2240961072796855,497.0800000000004,2.3642000000000003,4.038628393712095
0.45402530829030047,396.44300000000015,3.4122800000000018,4.010230621585739
0.4427862363680086,382.46400000000017,3.354580000000002,3.7761758354133637
0.585520445985981,389.4760000000001,4.705820000000004,3.994670792525911
0.13798661929269543,788.9839999999998,1.491500000000009,5.626651518953896
0.5833643816823142,428.45600000000013,1.8532,6.322115394593702
0.904115414116979,328.79600000000005,3.2996000000000008,2.390669768274604
0.411418388668635,444.84900000000016,3.626100000000002,5.450719322025427
0.22795453653764894,504.61100000000016,2.6165400000000005,4.549758918610236
0.776767144609439,358.401,2.5467000000000004,3.812179178813855
0.14410828666677336,697.8180000000002,4.463900000000003,5.740082117202079
0.3054421088764738,372.4460000000001,3.1858000000000013,2.5753409239750944
0.1393363665078521,568.4800000000004,7.166500000000005,2.5967207690123573
0.41420789474139047,519.6980000000003,5.990400000000007,5.09023554872566
0.4268698742665777,357.35100000000006,4.560200000000004,5.238827822979117
0.5023700455260082,367.212,2.082,3.3173465818405568
0.6049343924179665,481.43800000000044,5.773000000000007,3.695728399486426
0.6513089154103402,298.39,3.526200000000001,2.0602552253186257
0.433766300923844,375.46900000000005,2.8548,3.208354336401106
0.937350328935109,297.32900000000006,3.7209200000000022,2.219217153712812
0.18384813702948113,624.0940000000003,2.5834800000000007,4.976062730450149
0.46555324625198513,460.5750000000002,3.9099100000000027,3.131360681387979
0.9036551118123325,290.341,4.096480000000002,3.6823732194909056
0.324150570717744,574.0770000000001,3.5284900000000006,3.504491092364539
0.5563668142256338,374.44500000000005,-0.6568799999999975,4.302581539292296
0.27514500155535315,345.40200000000004,4.957800000000002,2.870600946953539
0.2935441561531374,214.28999999999996,1.817,4.112087686283855
0.4237620349811801,439.5560000000002,3.315800000000001,4.9313125203223835
0.7250570794906582,347.8670000000001,5.305900000000005,3.794191161200885
0.7455440349738668,224.31199999999998,0.1636999999999998,3.7425160307194094
0.3618077111322721,360.3700000000001,2.8888800000000012,4.0504193835222555
0.4510171197701149,402.4730000000001,4.292500000000003,4.4114748695371215
0.4122890474356004,484.6180000000003,3.839000000000003,4.575237715030965
0.6350293272793088,354.8810000000001,4.183600000000003,3.041030867812612
0.6468169114170316,280.37500000000006,4.255150000000002,3.3886136078218287
0.600599750001643,319.3800000000001,1.6021999999999998,4.851745914812551
0.7955270064653924,394.91900000000015,3.9247900000000024,5.803890450361784
0.6451669150885159,430.3220000000001,4.096690000000002,3.2805608570369067
0.28299971277053987,420.4360000000001,5.356300000000004,3.9090898514448336
0.5773058722503621,467.42900000000003,3.9094000000000033,4.355404269428175
0.4566413744374553,478.5940000000003,3.110000000000001,5.829313975724026
0.9022075923101871,335.19000000000005,4.434400000000003,2.2635372033406025
0.5363891691487241,237.259,0.37010000000000004,5.357007778023929
0.686515457692858,393.46700000000027,1.2169899999999998,6.353550223250572
0.4560242692480626,409.4630000000001,3.1407000000000016,2.036892168972569
0.526671979219465,423.5600000000001,5.131200000000005,2.5735538071732655
0.7478787757347473,321.396,2.7830000000000004,3.631831854882204
0.886929825521112,252.31300000000002,3.8431000000000024,3.3698648349566973
0.17345754276761044,405.8760000000002,4.983800000000004,3.5980363158914344
0.21485960025620596,357.8670000000001,1.2870999999999997,3.6596147729738338
0.5065429504086393,434.4330000000001,4.203800000000003,4.336842290786926
0.47938623085145077,368.473,4.5964000000000045,2.6917326354837687
0.3044764066207736,443.83700000000005,6.568300000000004,3.027874158147851
0.41096055378051943,393.4470000000001,0.7042000000000005,3.605521269992032
0.3577696976998917,381.9000000000002,3.3487000000000022,4.5244164005331475
0.6176989464247528,320.75700000000006,3.8895000000000017,3.2846925485532283
0.8328633845083082,313.354,2.22692,3.619512585949411
0.6148873022439774,393.50600000000003,5.211500000000005,4.629063047385638
0.8501954347488899,384.4390000000001,2.913800000000001,3.073485193014439
0.1529103438389575,240.336,0.4204700000000001,4.883734489334346
0.8383679731286997,304.322,1.7544699999999998,4.314990199818274
0.7062448708025411,390.40900000000005,3.5631800000000027,2.375669083124201
0.6198243938727329,491.30600000000015,3.910000000000003,5.080782471517773
0.4242398579878739,315.8,3.5508000000000024,3.3540403238877534
0.812208476937641,298.43100000000004,3.687590000000002,4.227236077339295
0.18157513676577228,459.54700000000025,3.014000000000002,4.938562587704475
0.5694478013490837,303.38200000000006,0.89536,6.453201031483294
0.6174626006511387,404.94100000000014,2.3028000000000004,2.8999823398555726
0.6151374076412347,287.384,4.095600000000003,1.9981386070625256
0.31041531404519956,453.5900000000001,3.384100000000001,4.573806575390636
0.6662708923036674,256.34599999999995,0.4554000000000008,3.702538050870027
0.8173852234574188,404.93800000000033,3.319600000000002,3.7820073403475343
0.4783649748960942,469.5600000000002,5.280700000000006,3.8839969651420194
0.1832447450123851,498.5870000000004,0.2697000000000008,4.205724265200853
0.4851039209329755,367.44900000000007,3.1915000000000013,3.671356131668192
0.5395060150631177,349.44200000000006,1.9274,4.996619200059133
0.134630287915218,550.6100000000004,2.43067,4.890784306527738
0.40641482185153055,418.4970000000002,3.381000000000002,2.704931395910089
0.7097603811153285,238.23900000000003,2.0185,1.6302263199747635
0.7968220064763407,322.45200000000006,3.239600000000002,3.58796159519881
0.18546780033144272,555.1660000000002,4.915400000000004,3.2164840950818236
0.4399232000134815,372.4870000000002,1.2990999999999997,4.4516873515163695
0.6763722177217654,460.4650000000003,2.9906000000000015,4.890860615461684
0.6309957698959094,405.90100000000007,2.8061000000000007,2.723663148100677
0.7344801083331004,430.8910000000002,2.8730200000000004,4.272165460779319
0.2943804185247564,610.7370000000003,8.206010000000008,4.77654121073072
0.7814309617718195,228.675,2.389300000000001,2.2827603377388286
0.24594479376369457,653.8900000000004,3.631000000000003,5.937460454805662
0.6448473613872918,500.58400000000023,2.612820000000001,4.8352143825237395
0.8485093916300084,277.37100000000004,3.798300000000002,3.7582059221207587
0.29950212820972766,372.4210000000001,3.1776000000000018,4.045015470004343
0.24009563525381455,511.58500000000026,1.9445999999999994,5.6168764185165045
0.19760231133799694,389.36500000000007,1.3118899999999996,5.871571304347974
0.6770615632827915,318.4240000000001,3.050200000000001,4.0011347760082785
0.36721346981789754,449.5040000000002,3.4049000000000014,2.7254192233764947
0.3056484277934654,578.3650000000002,1.8431999999999995,5.681981008131694
0.4556629995502469,476.4970000000002,3.438790000000002,5.692384704002015
0.17312534779836364,327.3810000000001,0.1125000000000026,3.6256889977393465
0.4450866648400161,504.0460000000003,5.905900000000005,4.8409650677757945
0.5496377786983407,458.4270000000002,3.966300000000002,3.3575664856332565
0.1406180861169245,616.962,7.642400000000003,5.00573050820295
0.49493100343483376,475.6180000000001,4.505400000000003,4.796912195015265
0.7694572854724105,344.43800000000005,3.152000000000001,5.270711449953143
0.7302051221473194,387.4760000000003,2.9993800000000013,4.0657302556766455
0.5566305427224013,426.1130000000001,3.9296000000000024,3.4987334705757487
0.3447795293360745,583.7310000000002,1.9206900000000025,5.695353351496564
0.6325000839895988,408.9760000000001,3.9926000000000026,4.126207918021761
0.2882214828359424,438.51800000000026,5.833800000000005,3.312232096760674
0.6690874431413707,406.548,3.464400000000002,3.114037730966637
0.2036145109718712,466.42300000000023,6.078500000000006,2.9541404310278523
0.7882158101320376,405.2730000000001,3.9422000000000024,4.3865659933845915
0.3873511488206052,386.3480000000001,6.284120000000003,2.237815723825273
0.7696931210901461,400.54400000000015,3.2455000000000016,3.548307218978625
0.15925425385105085,568.7550000000005,3.9011000000000027,4.763055493393489
0.4649779170837332,407.51800000000014,2.1832999999999996,4.051025910023597
0.5078531697593948,482.65000000000026,4.535770000000003,5.4853790087032
0.6631785294886569,395.55100000000004,2.6115000000000004,5.620150154371279
0.46768266975774897,385.223,5.488900000000003,3.846469217519566
0.12664679187803873,475.6210000000002,5.5388000000000055,3.818786537744712
0.5369509380272481,414.6090000000003,5.544600000000006,6.713662533357781
0.594519767635229,370.246,4.8670000000000035,3.748594684216437
0.4964906086310936,423.6010000000002,5.7965200000000054,3.1806598622782403
0.6266854624494493,383.4040000000001,-0.7804999999999989,5.127364809619928
0.4215012544833407,526.5150000000001,2.7247000000000003,4.105730062281419
0.7502707212896408,328.3710000000001,1.8158099999999997,4.146346378650652
0.34476387931173325,517.7140000000002,5.524500000000006,5.335428274579132
0.8658488792227352,386.50200000000007,3.1742000000000017,4.918358503275084
0.7423454408765219,328.41200000000003,4.034600000000003,2.729064251953819
0.6264264198143744,435.5680000000002,4.311300000000003,2.8411978157966864
0.4403334262007908,487.6510000000003,3.3800000000000017,5.3045238604554035
0.7982805407087141,352.3690000000001,2.0214999999999996,5.511621682302552
0.35256702336007656,658.986,4.301800000000004,3.7708304202896317
0.6745824641581581,453.49100000000016,2.8480800000000013,5.987744414747114
0.5826353086196852,319.8360000000001,3.3668000000000022,4.110369511032911
0.5230301002232446,508.6250000000002,4.4196000000000035,5.3825115952471485
0.2875732012593033,361.49000000000007,2.3959699999999993,5.138797944998404
0.6987321396942963,293.33,2.6755200000000006,4.348461921413982
0.17650834269764226,451.51000000000016,4.7256000000000045,3.8918637989450495
0.19048788209659684,482.78100000000023,5.998200000000005,3.0434597933160976
0.895352458943137,282.387,4.093520000000003,1.7309669581114395
0.22250655274292455,514.6660000000003,2.8549000000000007,4.5376099767366505
0.5058472596481999,336.15299999999996,4.369080000000002,3.826198767022823
0.554427406629944,329.40800000000013,1.3396,4.880450256180279
0.8794852221319309,311.30100000000004,1.5764,4.028295990746339
0.33673765624565904,511.66600000000045,5.896400000000005,4.6585417481275915
0.6727785343496663,406.4860000000001,0.3923000000000015,5.276119836436811
0.7034365910860656,356.388,3.102500000000001,3.2326182223495685
0.36649082787992615,288.10799999999995,0.5457799999999997,4.993000841506063
0.6868445651396873,401.442,3.5088000000000026,4.023598500197407
0.6781207052447129,375.4440000000001,1.7176999999999991,4.05313395519685
0.25494782358020246,379.8440000000001,3.7418000000000022,4.4592993036908855
0.5835812705363963,366.377,4.270000000000001,2.3706564125405833
0.390914529898162,424.52000000000015,4.4318000000000035,3.510273692654798
0.8430137654486916,313.426,2.6453000000000015,3.573044236307635
0.7949584497847939,314.40399999999994,3.447000000000002,2.910083567875093
0.7530076220971577,329.774,3.422500000000002,3.0064525879559874
0.49726455791931046,299.4420000000001,3.288990000000002,4.282569373337058
0.610299621508613,424.5220000000001,4.362600000000003,2.424626440527577
0.20873036158184538,235.243,1.32488,4.563563472184255
0.4847752684548481,498.58700000000033,2.4296999999999995,3.344947894762636
0.8712254006561971,345.446,4.199300000000004,3.423409483459942
0.35310837599705497,494.44400000000024,5.287500000000005,4.2045638167261
0.17769627618321188,580.6280000000004,4.2946000000000035,3.4529841039786016
0.8613285900497609,286.1620000000001,2.3867000000000003,3.122012914217974
0.7177761574179886,440.97500000000014,4.0122000000000035,6.174620004374807
0.21471058645340557,372.4980000000001,1.75067,4.3160056373060955
0.7809528045041879,391.2760000000002,3.4004200000000013,3.291729438605403
0.8221538291801024,347.422,2.903900000000001,4.315332560383019
0.3910852340265371,434.63100000000014,1.7328999999999997,6.033796638503931
0.6870035185850436,382.55200000000013,3.1622200000000014,3.662203512736041
0.4962961856511904,344.43100000000004,3.6031900000000032,4.2278428725208546
0.45938824842333653,482.04300000000023,7.066300000000007,4.082506465030965
0.3135328405540713,369.76800000000003,2.6317000000000013,6.09318610301937
0.7727972869754112,329.875,4.166400000000003,2.4939904238614083
0.15211264477856415,397.43500000000023,0.1771700000000001,6.057702000695675
0.7010078830158546,446.5000000000002,2.7780000000000014,4.143841739556721
0.5787608655087367,434.54000000000013,3.6960200000000025,2.843214637815125
0.3009427156861045,423.50600000000014,2.4545,5.1856521284487
0.4913566988286295,494.5260000000001,1.2878,5.631501137902563
0.37341147408119363,404.9450000000001,5.306040000000004,3.3727957834304014
0.3012156395691879,418.4450000000001,1.5256699999999994,5.002387528284096
0.2721331062981974,349.784,4.098900000000004,4.539133073221974
0.237377956887809,415.7180000000001,5.184700000000003,3.3326737713879098
0.7211226123202297,358.3500000000002,3.452200000000002,3.040870203267586
0.6339901941745009,432.50200000000024,0.7357999999999991,3.3036712619922497
0.853692836884568,358.9130000000001,4.232020000000003,4.108032242587408
0.5597880684179388,342.32000000000005,4.580600000000003,2.055062884528292
0.5498934215135579,298.408,1.5281999999999998,3.270292596354337
0.6150051354564487,407.43900000000014,5.853400000000006,4.955339480449579
0.35966188708852437,424.5550000000002,2.898200000000002,4.348556453979045
0.37157809634034816,422.4560000000002,4.258300000000003,3.388202165140859
0.19109612273541698,585.6370000000003,-0.3887099999999972,6.504966538950536
0.40750015837632936,432.6300000000001,3.9496000000000038,5.322273491311347
0.2922994203698099,442.6280000000003,4.776610000000005,4.596865675032843
0.35267196966550046,514.6160000000002,4.011600000000002,5.946489475406996
0.39714719450117586,369.4690000000001,2.3699700000000004,3.6830175506621856
0.43686107325688106,384.4300000000002,3.309400000000001,4.524740182227876
0.336937174034553,585.0820000000002,2.7366,4.96317576957316
0.4141103482938979,445.6070000000002,4.237980000000003,5.204728701412133
0.3659516639494454,457.9980000000003,5.959900000000007,3.8034632808574758
0.7540148701938604,206.619,2.543100000000001,2.113085024734101
0.20710405285932382,293.319,1.3136,3.301455433618983
0.8760623067672547,300.358,3.1777000000000015,3.470346682248792
0.6655095146330452,339.3220000000001,3.6198000000000015,3.1193513445190053
0.7632867895241838,304.368,0.045999999999999985,4.47804679849611
0.7672186768370413,388.27200000000005,3.648600000000002,1.8111223144795279
0.5562974667697632,489.5790000000002,1.5399799999999997,4.239601498051963
0.2751453697441948,535.4500000000004,2.5824,3.711498712499125
0.7744480833022526,229.25400000000002,3.1023000000000014,1.5208358126097874
0.6839451032750671,437.4650000000001,5.448000000000004,4.03954859257951
0.3220793221455978,395.46300000000014,2.9288800000000013,3.201116516267942
0.6861469706433718,203.71299999999997,2.3086,2.2969461236352
0.8139387556110583,374.82399999999996,3.144700000000001,2.585980377430838
0.49557719937969014,536.157,4.612700000000003,4.054578494655879
0.4932533557679094,406.4820000000001,3.2687500000000016,4.282713141609875
0.4094359361956524,434.536,4.5282000000000036,2.504557060121689
0.348808974508985,463.55300000000017,4.323300000000002,2.157895446110567
0.8417442891511733,305.42200000000014,2.9712000000000014,2.139803357186757
0.6764591692360921,326.298,3.6793000000000013,2.5641882574917396
0.6238351904712158,528.5350000000002,3.077400000000001,5.488221024360931
0.8446776735512055,369.64200000000005,4.485620000000003,2.5004458955955595
0.457120665090248,426.6290000000003,5.703320000000007,3.0397305844138938
0.7404056035879781,395.5510000000001,2.0791999999999997,3.6682711598613986
0.841107388919077,273.313,3.098200000000001,1.9548515076270814
0.2646847582998102,547.5620000000002,3.2546700000000017,5.419434199007639
0.5854362901264927,418.4930000000001,4.428720000000004,2.704350010596027
0.8254755920562042,354.8590000000001,2.6991000000000014,3.1896188938529546
0.6385051341676761,209.37699999999992,3.8312000000000026,2.6126344414715277
0.12793149994560074,304.4020000000002,1.8769399999999996,4.197084399370379
0.4885767952624046,268.32,2.3256000000000006,4.100072880411681
0.8072380374620718,346.8790000000001,4.693700000000004,3.0177680509937836
0.40327906187730184,335.3380000000001,4.698400000000003,2.7644396977151047
0.1843776508600364,466.5300000000002,4.8380000000000045,4.088583937558438
0.5608786244454347,381.49800000000016,1.3559,2.521414947840901
0.5331325175858639,472.6260000000004,4.527900000000003,5.192647737206255
0.6049268285924588,463.9180000000002,4.952200000000003,3.688655432840182
0.6505154631165417,452.40300000000025,5.2607200000000045,2.6744546651109697
0.7054008319069105,344.3870000000001,2.26649,5.100370664615282
0.8123743145829351,307.357,1.9120999999999997,4.39823159245806
0.8749584325051533,330.391,3.9750200000000016,3.976581493608119
0.270877103154929,573.7410000000001,2.4744,5.179531171641457
0.6991455895790933,365.437,2.559800000000001,4.854266475633896
0.2629361345303754,396.51600000000025,3.8240000000000025,4.726658826713944
0.8673098510498712,307.4150000000001,2.1547,3.285729373381688
0.5394458075247086,169.65500000000003,2.0134,2.5947704047351987
0.15023663818708002,451.53500000000025,1.0308400000000013,4.067937533692434
0.6394612522214679,424.726,3.1193000000000017,2.114419368044775
0.30672218420494063,477.6300000000002,0.25920000000000465,6.437309370420463
0.9163788013279344,276.747,1.8877699999999997,3.160916600800915
0.7257640751106134,383.43300000000016,1.6691,3.2049924953045554
0.3131571635158786,482.6470000000002,2.4023000000000003,4.006265051973964
0.3966834658450024,309.36199999999997,1.4873999999999998,3.4790150787996836
0.33076163369849065,521.1230000000003,6.105420000000005,3.9833150091603997
0.8287602553720541,361.84800000000007,4.396600000000004,1.9054281592535638
0.361749266328846,540.7520000000003,4.677360000000005,6.176288101527828
0.17889008026209072,553.7460000000003,9.247520000000003,3.208502165008479
0.4281020808608289,558.6100000000002,4.922100000000003,5.868274592809179
0.6561069448082966,337.394,5.025400000000004,1.696818148716158
0.49821959234091656,319.3760000000001,2.7708000000000013,2.9632964496624226
0.4644417471004192,423.5970000000001,5.152800000000005,5.100130975145609
0.8010939296977818,205.26099999999997,1.9415199999999997,4.095464761151847
0.6974038250923429,219.292,1.729,4.9684214459332425
0.5818317705485172,389.4550000000001,4.846540000000004,2.428533297589601
0.854766236043735,330.331,2.947400000000001,2.7799068820783717
0.23546696114099555,452.8940000000002,5.1806000000000045,3.903859902931055
0.28562279027614,448.56400000000036,1.0355000000000016,5.494535769381238
0.5707463201489834,460.57900000000024,4.827790000000005,4.318966671952233
0.5694334272372866,353.4010000000001,2.1548,6.4539821438313005
0.4376393409569934,208.28599999999997,2.6247000000000007,2.5704109500646073
0.4243586525327693,366.3530000000001,1.2745799999999998,3.365249545296016
0.6421882912505736,289.788,1.7314999999999998,2.338528028283241
0.19103930137515593,470.59200000000027,1.8947000000000007,4.305598623690967
0.14422530829834532,381.4760000000001,2.5077000000000007,3.9852798463512524
0.29075081465569386,468.4740000000002,-0.3644999999999989,4.257041855650067
0.2815356094635124,430.3350000000002,5.740900000000005,3.175481245452632
0.30725945911802066,577.1070000000002,3.5013000000000014,5.690029580201168
0.23651579629622704,548.6060000000001,7.562880000000005,5.215362243088947
0.7630792477058959,393.23000000000013,2.7891000000000017,3.7135934515289915
0.5633884779781151,514.5490000000002,3.2749000000000015,5.7176544177749244
0.11896686571955538,622.7740000000003,4.7626700000000035,5.651637619511146
0.7537737525742179,386.3260000000001,2.707200000000001,3.0074264530264134
0.5099270075081465,377.55300000000005,6.400120000000006,2.4245129141262396
0.20520165866364956,553.6620000000001,6.302300000000007,5.485141748033335
0.5971763704488912,291.79699999999997,4.1517000000000035,3.7193830983351903
0.4553840214849305,450.5670000000004,2.1208899999999993,3.6827536544385637
0.3502847812621683,355.37700000000007,1.1858000000000002,5.236649314861417
0.3353678998149068,389.45200000000006,4.727540000000003,3.0131142695303295
0.4102031671509073,554.1780000000001,7.213000000000009,6.381673913322166
0.8200803938769877,256.692,3.8125000000000027,2.8365057017538877
0.7411994777659742,315.46100000000007,1.9514999999999998,4.7128418708759305
0.48176612474165736,544.0710000000001,4.594100000000004,4.403330665856801
0.1557310234221645,480.6090000000002,4.4353000000000025,3.976557290973731
0.9091902055991777,314.37,2.57348,3.142376491157817
0.219837998456318,395.46400000000017,2.5246700000000013,3.967156522267338
0.650969611115082,422.56900000000024,4.099200000000003,2.887496809486791
0.8542998582346878,374.4410000000002,2.779700000000001,5.499276767322795
0.7102306836980842,440.52500000000026,2.9109800000000012,3.9021539773189593
0.4555923856546909,435.47000000000014,6.000900000000006,3.1603654050312713
0.2917451586009121,541.4220000000001,6.916000000000005,3.93184514599184
0.8622353879144191,249.29500000000002,1.4726000000000004,1.8230540818405565
0.3380233881173356,521.0830000000002,3.5520400000000008,2.5282658470875035
0.27255668488566404,290.32300000000004,0.15747000000000078,3.8285711932800837
0.7424539502195703,294.85099999999994,4.793700000000004,2.2809711812867555
0.413121614479961,461.60600000000017,4.1917000000000035,5.049863112301733
0.22284441502711239,538.6020000000004,3.231390000000002,4.157517636076576
0.3907306290447543,537.9780000000002,3.252600000000002,3.6704222309098666
0.5138638547830536,440.25600000000003,2.5757000000000003,2.81816411830777
0.39380736611395584,463.53200000000027,4.649180000000004,5.345396555181093
0.20379141410887655,616.7410000000006,2.4942,4.56166932422523
0.6514023485166904,322.79600000000005,2.5829999999999997,2.4836464341098345
0.268011206271367,429.35100000000017,1.4949799999999995,5.750939501288666
0.5202318980402065,444.5160000000002,3.436300000000002,2.850516581105614
0.7612783911612193,359.4490000000001,4.420990000000003,3.0452514056250033
0.38341640820828676,314.7800000000001,3.2266000000000012,3.373806873670273
0.6418841768237312,312.39000000000004,4.810420000000003,3.961456289879064
0.45718454235101746,372.343,2.5741000000000005,4.183708919075501
0.6293869219014206,426.9440000000001,4.526400000000003,4.240909831666807
0.2112289118380008,537.5950000000003,6.067700000000005,2.485697684009983
0.4328596742349248,307.4380000000001,2.950800000000001,2.7784356092475555
0.42178507240365826,114.16799999999999,-0.5590999999999999,3.4236460925526817
0.2320078190236005,471.5060000000003,1.4950899999999994,4.890708109678826
0.7118415484493785,412.8980000000002,5.158900000000004,4.916971451069403
0.5273609855032139,240.26299999999998,-0.6017999999999992,4.619481954448504
0.7006095015998121,339.84400000000005,3.8457000000000017,3.217135361108596
0.7304430688776529,330.42800000000005,2.5741000000000005,3.926921016609895
0.2578615107827331,479.5570000000003,2.822800000000001,6.063920997530061
0.5061583892926039,325.723,2.4682000000000004,4.208071017415112
0.7341076268742279,413.44300000000015,3.786520000000002,5.390079075675809
0.9279278810856457,319.44500000000005,3.282600000000002,3.7579934672601034
0.8646219611527826,313.736,1.96719,2.790345211944107
0.7457947092013311,364.49300000000005,4.343390000000002,5.262317976845024
0.671295164364695,397.9500000000001,3.946100000000002,5.434819828340097
0.2113164747407069,408.53100000000006,3.1787000000000027,4.818218835689962
0.8908677120612576,356.47400000000016,1.7919999999999996,3.470697821131992
0.5777043655110248,321.342,5.1689000000000025,3.1135440998969113
0.8763912891704378,343.8170000000001,2.7201000000000004,2.8858836734825672
0.37498099198349816,433.4260000000001,4.041500000000003,3.1765963226469625
0.8001802761290187,412.4210000000002,3.505200000000002,3.6838280537172112
0.6486222757631851,357.3070000000001,4.4879000000000016,2.895082402153051
0.5143833664127746,503.65200000000027,4.329310000000004,4.452606213631355
0.36914865678182224,473.4850000000002,3.0151000000000012,3.183470280561833
0.35599139548154063,362.4300000000002,0.1213000000000014,3.4161587202328914
0.6932748207395663,316.35700000000014,1.9260999999999993,1.9338201925542524
0.29609240892867306,395.34500000000014,-0.3298000000000003,4.70128204093176
0.6726040311950788,375.38800000000003,3.3539800000000017,3.6418506494881777
0.8422448577054037,369.53400000000016,4.327800000000003,4.473035631302379
0.3230784492664105,394.3800000000001,-0.13119999999999854,3.1760487634244576
0.7527758614327396,359.897,4.694900000000005,3.069234295257605
0.7974483774913761,377.87700000000007,2.8456400000000013,4.277599792045833
0.39634430297796863,401.8460000000001,3.1319000000000017,2.649571967739586
0.4077827208651605,398.5510000000001,3.051100000000001,3.5582542561768484
0.3498635215375526,383.45500000000004,4.190700000000003,2.55341957615099
0.4471954901173,494.51500000000027,4.4170900000000035,4.89223821434255
0.6266533797949104,411.39900000000006,4.101900000000003,2.7969985380853544
0.4405265930008211,435.56800000000027,4.277000000000004,3.838954754143699
0.0614707713071441,613.6200000000002,1.6677800000000016,4.426656647969579
0.47191239877022145,469.0690000000003,5.439120000000005,3.4620117216497928
0.1454342308016628,462.5020000000003,1.9964999999999997,4.5538985028040875
0.9470348179425894,298.367,3.0291200000000016,3.4510590050475543
0.6025938899387285,385.57300000000015,5.502500000000006,3.406854364204886
0.45006836821207447,481.6450000000003,0.9663000000000028,4.389639111730665
0.49123636120120523,394.47500000000014,4.5934000000000035,2.8740267754318936
0.6765613842922683,378.47200000000015,2.761000000000002,3.288132340347534
0.17160220505993923,455.4830000000002,1.0278700000000003,4.653837451317427
0.6411857941223756,334.38300000000004,2.4401,2.483201921108149
0.26798898590510495,373.40900000000005,3.3314000000000012,3.710358104848276
0.6150622271432672,344.38300000000015,2.7474,3.9800108727393457
0.47097755145878223,336.7550000000001,1.8697899999999998,4.59193738483612
0.8881117400266331,305.76500000000004,3.4277000000000015,1.9060386660645037
0.31902861624055656,353.33100000000013,-1.0718999999999992,4.855691655259877
0.33316455688753543,569.1170000000001,7.517120000000007,5.032694537651688
0.7244871073952331,384.28000000000003,3.4498000000000015,2.1212407521140477
0.29659880903119085,374.3650000000002,-3.2804099999999936,5.268886852101023
0.5290663187076073,372.38800000000003,3.3332500000000005,4.222320871992279
0.7862350977735698,400.4100000000001,2.1234,5.202765328136618
0.5790730402023052,362.468,3.0223000000000013,3.9940858421524243
0.6513619216472935,380.8600000000001,4.854380000000003,3.134934104848276
0.4412984988201702,432.85400000000004,3.934600000000003,4.270055740187768
0.6240521717565323,452.5990000000002,3.9141800000000027,3.0348729215547943
0.7621246324795797,324.42400000000004,3.7713000000000028,2.444340496297711
0.28533750969642624,514.5790000000003,4.484300000000003,4.227488835769999
0.8426297424377115,345.38100000000003,3.946880000000003,4.91153768830627
0.618621005389607,259.325,2.5931000000000006,3.9642271843251695
0.5083039279612476,469.3730000000002,0.4994800000000012,3.2052022734857326
0.4506014576760026,447.59000000000015,2.0138999999999996,4.862214163843455
0.5721630706933156,274.29999999999995,0.3795899999999999,4.89425045971739
0.1434552935121472,449.03800000000007,7.728300000000008,2.4950767996790795
0.7590654113708681,367.44500000000005,4.229620000000003,2.5488183040124426
0.4653895499295358,434.49600000000015,2.1628999999999996,4.850749963693657
0.2904786666585883,388.8940000000001,5.459330000000006,4.812442840842575
0.7837049296916684,226.226,1.3561999999999996,2.980999798015942
0.7809719673167457,316.36699999999996,4.156000000000003,1.9940125879559858
0.6255578298498156,320.41700000000003,4.911900000000004,2.55246511234035
0.4468735732300669,433.53300000000013,3.5366000000000026,2.1547000735246105
0.5267956621596503,487.5260000000001,4.533970000000005,4.676635214596869
0.41452405726662406,454.61400000000015,5.931500000000007,3.9718826308845543
0.3625894133471248,500.0640000000004,5.283800000000005,5.205825347504825
0.7715069187508318,320.37000000000006,1.6518,3.7927387418021414
0.7075371451835851,413.44900000000024,4.181900000000003,4.182981754820339
0.4650018068321028,366.4640000000001,5.391200000000005,3.481744548410555
0.5141904085291215,345.4060000000001,3.0182800000000016,3.4595488740790454
0.16383881132058045,560.0750000000003,4.261490000000003,3.4323245342827304
0.6794267665701915,425.89400000000023,3.4970000000000017,3.642675535713063
0.3481970042144373,421.54100000000017,3.6955000000000027,2.7668708123557124
0.630923940080701,311.41,3.1712000000000016,3.169583934109834
0.45684311451999676,522.4490000000001,3.6614900000000032,4.900458868499082
0.8304323967267676,346.4710000000001,3.174800000000001,3.9125443191034375
0.4423233305599978,350.39600000000013,1.1412999999999993,3.0891601356997613
0.438374281498472,309.4170000000001,0.5587700000000002,4.580834796555914
0.7278326185767999,324.449,3.5912000000000024,2.4584391699551915
0.2731178083630164,566.4630000000002,5.022000000000003,3.4944289496134315
0.5514241678804336,236.23399999999998,2.7661,2.519589784966273
0.8060014182862243,303.4460000000001,4.022820000000003,2.0220750055384062
0.8253979663997167,251.267,0.21899999999999942,2.151495714410112
0.3688699505348218,404.51800000000014,2.4320900000000005,5.873437205998703
0.2158945739695071,476.61400000000015,5.590700000000006,3.9840437503854407
0.6749762888530575,277.27,2.9465000000000012,2.062846015171658
0.2840955704763117,535.0150000000003,4.440770000000003,3.6620831372716918
0.6283063097611442,353.4030000000001,3.6906000000000017,2.9888074658624486
0.6716282630919275,413.52100000000024,4.949940000000004,4.451810209438635
0.12558385367929958,492.5940000000003,2.917600000000001,3.8586458881078887
0.6689967036389731,435.5200000000001,3.7847000000000026,5.696485238047186
0.6084933620270476,373.41900000000004,1.4098,3.6694126627216628
0.5462044565297381,314.3450000000001,0.03621999999999931,3.805604298739521
0.7241885412121984,378.42500000000007,2.4743000000000013,1.928962181771352
0.40348097532398775,226.184,1.7372000000000005,2.977993198067473
0.38895746790517155,413.9080000000001,6.559200000000005,2.489704900860346
0.5265119374433109,412.5860000000001,4.482600000000004,3.484549425004544
0.5956429338148459,372.7830000000001,3.494080000000001,3.389873972395664
0.6486479770071147,450.9290000000002,3.0298800000000012,3.488456374512678
0.328499396669356,436.60300000000024,5.178900000000005,5.529273329887042
0.3676177930901156,361.4450000000001,2.5072,3.95854988295981
0.7898601143848052,326.4370000000001,2.4978000000000007,4.909167960563936
0.42355589262348403,461.4640000000004,2.7013999999999996,4.860939480278222
0.7689232608445306,397.4740000000001,2.3960999999999997,4.926612490607394
0.18799161688765118,512.7160000000005,4.6867000000000045,6.372032198393816
0.6943499224952776,358.4630000000001,4.582900000000003,3.174111918865421
0.2682240735528261,542.0360000000002,2.1339000000000024,3.699206985358341
0.7244468915907805,377.40400000000005,1.2134999999999996,4.189686546924076
0.8343454697087671,354.43100000000015,3.7130800000000024,4.332478263139958
0.6303065819308965,338.3680000000001,1.3371200000000003,3.501909003743064
0.7123679052768913,325.4710000000002,5.388020000000005,2.6114810254110488
0.6781694092394169,379.9160000000001,5.6299000000000055,4.6674163356492055
0.07890182691594383,610.8310000000001,5.7732700000000055,4.658199911381953
0.7665517609085977,327.4430000000001,5.1844000000000054,3.0014603295592046
0.7510065232088076,390.4590000000003,2.4403999999999995,2.840776967739586
0.4462078268478927,473.5480000000002,4.840500000000004,3.92047995393963
0.16392866581396237,483.56300000000033,3.9410000000000025,4.986862151959432
0.4594494194843493,510.5900000000004,4.849200000000003,4.5930570834793025
0.41564772531893573,301.23199999999997,-0.48620000000000013,4.606024585230084
0.49535203301913316,503.9940000000002,4.217720000000002,4.263823606331605
0.8064023625697956,308.4250000000001,4.409200000000003,4.395573064133818
0.7665402115387019,324.726,4.469400000000004,2.0455720120405605
0.26045885486337045,331.508,2.0580799999999995,2.4908813754185886
0.6713850761812119,449.5730000000002,2.2703999999999995,6.152512903001491
0.23948530209723387,352.39400000000006,1.7621999999999998,2.98616963698737
0.28590168170696517,510.56900000000024,5.874180000000005,3.5685218643227206
0.6710249718708281,423.5810000000002,4.026590000000004,2.98029415453078
0.7788690948304184,359.4260000000003,1.6542999999999999,3.747668574702745
0.7303116796127359,469.5420000000002,3.47088,4.7933492534925035
0.13865599670692547,333.381,0.4537999999999987,3.8687428289593004
0.7069379047725843,365.40500000000003,4.998800000000002,3.1394504848166545
0.18148066934612067,625.726,1.1384900000000038,5.061927616051194
0.4701388009182798,577.6630000000004,1.3053800000000013,5.409987175031658
0.1641933388658846,424.42100000000016,1.9245199999999998,3.8051083547651876
0.8855453053862795,254.67,1.5673,2.995825811111608
0.38960442666221706,453.5320000000002,2.9033000000000007,5.140980955271697
0.6991250304063057,458.5110000000003,1.3912000000000004,4.765062224789125
0.18203740835308554,602.681,2.661100000000001,5.236985585537278
0.6344619769586848,428.3170000000001,4.915620000000004,3.8072982775579023
0.23554485858232962,529.6330000000003,4.823070000000004,5.1758355133095115
0.3081554994946309,564.0170000000002,4.600700000000003,4.035677198512284
0.5530795358441641,476.4990000000002,4.516900000000002,4.273237598634204
0.5282917908082921,506.8720000000003,4.150700000000002,3.8122275629224607
0.740253273828094,341.45800000000014,4.818300000000004,2.9511278266552097
0.4469087124430362,388.51200000000017,2.3236800000000004,2.9856302309666365
0.80345150136736,343.295,4.355900000000003,2.5054723306172377
0.8115432511499203,300.4020000000001,2.9601000000000015,4.505964517036629
0.8005528894045545,335.8060000000001,3.9356000000000035,3.6833353919701164
0.7050431703248614,428.4960000000001,2.865100000000001,4.776041333366168
0.5259962246301015,391.8740000000001,4.428600000000004,3.779990878911226
0.20815130747870858,505.6230000000004,1.714500000000001,5.254806780617605
0.6013792819288174,315.70700000000005,1.0856999999999999,3.5432116780889285
0.21319951925905958,492.6820000000003,4.502100000000003,4.0963910457664445
0.6733792165335006,356.2720000000001,5.295800000000004,4.092031854882203
0.4751644283485382,294.4159999999999,3.444800000000003,3.1093697946927605
0.44440033477364926,334.35600000000005,-0.20271000000000056,4.850766189645814
0.4227928349634498,418.5100000000002,3.1518900000000007,3.7289254403720093
0.27608387872090456,444.37300000000005,4.952800000000004,2.490997288252407
0.4828207473638488,508.60000000000036,2.8127000000000013,4.150747156772606
0.4786843751082493,456.5620000000002,2.3442,4.810021125586638
0.8873291397511622,275.348,2.622200000000001,2.662396598629652
0.3880195768450607,587.553,4.088180000000003,6.249558486375995
0.7316665944202289,368.85699999999997,4.172900000000004,4.68516895289229
0.43553224254083384,468.9820000000002,2.688900000000001,5.9617394798992835
0.36941960401161356,477.52500000000026,1.6819999999999993,3.4273325944855335
0.7265220647671824,349.3830000000001,2.3609000000000013,3.906540258446972
0.7988464140212509,430.5490000000002,3.390480000000001,5.01829412806528
0.6416341567967473,253.26100000000002,-0.8927999999999998,4.313979293174867
0.2566171750810984,474.46400000000017,1.6086,4.830003281988586
0.9033861124568787,283.351,2.7309300000000007,3.8631620037437724
0.08135776181167075,669.8449999999999,4.263600000000003,4.394215922681984
0.6669124977025356,437.5890000000002,3.8051900000000023,5.5686685058221865
0.44812671426041356,383.3040000000001,3.8485000000000023,3.0945273741257653
0.6539352778960441,363.42100000000005,1.0843999999999991,5.502158664577948
0.4346670083209543,440.5840000000003,4.946800000000004,2.885761736392219
0.41273113321155236,427.5930000000003,2.169100000000001,3.371004275149337
0.32346363616503837,519.4050000000002,2.9315000000000007,3.897684008123237
0.6812306569149594,442.96500000000003,3.858920000000003,2.664586834603492
0.4708324439923347,582.7090000000003,3.918300000000002,5.218241573390876
0.7011102760930303,381.378,4.042900000000003,1.8276088908165082
0.2552389224932293,292.27,2.7629900000000003,3.7964962520111163
0.48771175541461415,321.7740000000001,3.453400000000003,4.635843047626832
0.6036223580120541,474.5830000000002,1.4058000000000004,5.210121432902189
0.49057265954635976,508.03400000000033,5.707700000000005,6.051150318363042
0.6576694982703,171.18999999999997,2.0264,1.7257588691001438
0.4191501708432373,448.48300000000006,2.9074999999999998,4.516040239346017
0.20376336212709123,697.9059999999998,4.036300000000003,6.892903157289587
0.5228789130813861,495.51900000000023,5.040500000000005,3.566624417816495
0.41983487107684,339.39500000000015,2.4320700000000004,2.9710609869892117
0.5130654972320046,456.6740000000003,6.532000000000007,4.684737234294921
0.20840339309244893,373.275,2.58368,5.28607399035392
0.25912105792252793,469.5050000000001,3.2626000000000017,4.49033478076751
0.4900650894021219,311.34900000000005,0.5784999999999993,3.7784719408060017
0.5178310313145021,471.7610000000001,5.4764000000000035,3.1359482122208053
0.48870599176642354,464.9820000000001,3.750700000000002,3.926852940405597
0.5477924074975642,322.371,4.852180000000002,2.4182566415820475
0.843216053119458,361.8080000000001,3.393300000000001,4.294288352092456
0.32771211181118803,512.0260000000003,1.5464999999999995,5.0824768479846885
0.3055167158424773,403.4130000000001,1.7642999999999998,3.573697906970498
0.4718196320570625,451.8850000000001,4.736000000000003,3.4313712227262894
0.04673496194248586,645.7430000000004,3.9704700000000033,5.058823447218229
0.40381731140644944,355.866,2.2744999999999997,3.1626487424775984
0.528032320944087,391.51500000000004,5.420400000000004,2.9995784436432
0.49922047958484717,547.6270000000003,5.1322000000000045,5.940728201956565
0.351801482706902,535.4790000000002,4.196500000000003,4.689719146151054
0.6196286592378256,268.28,0.5935799999999994,3.7907643783873883
0.41169562688940836,505.63700000000034,2.5161700000000007,4.797578520302648
0.8357826518702146,221.30000000000004,3.1770000000000014,1.7059499020206985
0.7400158940530741,340.40400000000005,3.8118000000000016,2.436442888484038
0.8342143751372302,324.75800000000004,4.0443000000000024,3.332513357186757
0.45970046996784064,433.5120000000001,2.5107,4.865735762510225
0.3307772678947125,370.4530000000001,1.6982,3.6443120716118047
0.40191935802822654,480.6090000000002,3.4571000000000014,3.6153314924011672
0.2839348264516463,542.6510000000002,6.164000000000006,4.442390022372991
0.3993953752142415,326.4550000000001,6.505300000000005,4.173778052858797
0.5465157191979125,300.35800000000006,0.6607999999999992,3.6358242303039177
0.7034640705630232,327.337,2.2213,2.3057526131766686
0.20304861495938786,471.5370000000002,2.422300000000001,4.166254650115324
0.2531303705890692,658.6290000000002,6.959900000000006,4.26701287158696
0.44454107014552313,373.783,3.7761000000000013,4.968977868585686
0.6257193862778095,335.329,4.458380000000003,3.891288572957598
0.4619858643925399,336.4640000000002,2.754100000000001,4.918105969865595
0.38730618169457326,342.3290000000001,-1.197799999999999,4.225277648432914
0.48541718417039864,545.587,4.885440000000005,4.443016834000266
0.23353564216596562,753.2929999999998,4.563200000000004,6.826050623824257
0.259308371270208,347.337,4.468300000000002,4.257374937808999
0.9128342554155986,330.4130000000001,1.8039000000000005,3.233982430316491
0.6093913610232924,412.51100000000025,4.573270000000003,4.256498664300371
0.5526501943284545,521.6860000000005,2.793590000000001,5.6241646586568805
0.2532862992978678,303.33900000000006,2.4467,3.9224704783200437
0.4749647217358603,332.31900000000013,2.1548,4.362956813630918
0.47375550939191724,285.307,0.3892799999999999,3.4241661758428608
0.715040889869319,424.3050000000002,3.7828000000000017,3.0474077432145403
0.8044553102787941,296.32599999999996,2.7936000000000005,2.134281598944998
0.4794487784400003,501.6490000000002,3.096800000000001,4.452826498334338
0.44366869819701127,405.3910000000001,4.613400000000004,4.851650920322211
0.4481920898318927,440.5880000000005,3.0006700000000013,3.9495762908909207
0.6115365663024296,370.4520000000001,4.684420000000004,3.163771647226766
0.49437007068139444,471.58100000000036,1.9799700000000005,4.302965743089584
0.8179603567530702,264.24799999999993,1.91399,2.526198889532864
0.4921319178605049,431.5310000000001,5.1894900000000055,2.9027938455733597
0.5995608574350916,297.44200000000006,4.830420000000005,3.8580846549304653
0.8731751034199992,260.56199999999995,3.7257000000000025,2.618789750008826
0.20597039724706,450.547,4.222500000000002,5.036782431181301
0.8584777633535787,361.45300000000015,1.4990999999999999,3.5245986005916725
0.14506081254804992,399.49500000000023,1.9954,3.866421177313627
0.6877734660669327,274.251,2.663900000000001,1.555468542644185
0.8990873319331244,340.333,2.7531,3.562176236176642
0.24524858897940485,317.473,5.0476000000000045,2.8505022844526327
0.6178819708655524,453.5640000000002,1.6497000000000002,4.034041426077428
0.8152555906737652,363.4370000000001,2.6511900000000015,4.802220324020281
0.30107328225170393,449.49000000000007,1.7103899999999994,4.937330329626364
0.6946624627058938,206.28499999999997,3.160800000000002,1.4959585034193026
0.2591950276831991,598.7040000000003,0.8620000000000023,6.579730694125393
0.22871892234730906,568.6500000000001,5.195620000000005,5.283036133316137
0.26906020603104985,489.5550000000002,3.528200000000001,3.1241754526585694
0.5932777958389083,322.33,4.644700000000004,3.0708161612008853
0.320551540470842,482.6330000000004,2.0991500000000007,6.327742152782239
0.6394712295165655,373.45600000000013,3.836000000000002,4.164570251572849
0.8072776358365239,354.3580000000001,2.508500000000001,5.224172895973189
0.8474272505958438,288.725,2.541900000000001,3.001493026364754
0.09744706313904856,622.5010000000002,1.8377999999999994,5.503156264070716
0.6237736987734094,365.39300000000014,1.8228199999999999,3.71611894284729
0.39194288891325063,479.6210000000002,3.0717000000000008,3.5723845688352664
0.8068826868179823,368.4330000000001,2.00122,3.5319961506906203
0.15392541570628396,428.48900000000015,3.1913000000000022,4.064615262585418
0.8646247884054783,344.484,4.426620000000004,2.79026557990975
0.38222524075840886,436.814,0.8602999999999998,4.555672115684175
0.5154048675646471,405.4540000000002,4.099300000000003,3.629231969273861
0.4776538086906001,315.461,2.5365,3.5581817899982617
0.3776553914246815,294.333,-2.6280999999999954,4.188186266983789
0.4246281824298168,474.6710000000005,3.792880000000003,3.2534704750099603
0.7973588911704255,376.8590000000002,4.120500000000003,2.2084990279251997
0.744127131761505,205.20299999999997,2.409300000000001,3.1220672253682515
0.82777744549267,339.3670000000001,1.85918,3.3150191774403357
0.7268661585446167,302.33400000000006,0.6416799999999998,3.8871361380682847
0.6166183985142747,324.51200000000017,5.764780000000006,4.246137273587933
0.7614122617671408,379.309,3.852400000000002,2.6661796000916596
0.440302983587645,376.4160000000001,3.341400000000002,3.6337686486881564
0.3130232479754229,583.6710000000002,0.6403000000000021,4.196745537161897
0.23550643548694475,515.6350000000002,4.639300000000003,5.354677577019028
0.6771224682224447,392.7680000000001,2.988900000000002,6.1675737647371385
0.8386957984133423,309.4090000000001,4.376800000000004,1.7958453673794281
0.1976890216960448,241.295,-0.9609199999999984,3.4998659738301487
0.9101667283082024,320.39200000000005,1.6256,3.2593511986388473
0.7887035704882495,402.53000000000003,3.6048000000000027,4.133788184972129
0.1480576904007481,593.6810000000003,2.420600000000002,3.498851142407048
0.6414295227450163,434.55100000000016,4.042990000000003,4.956321177299966
0.5324613988610178,490.60800000000023,3.6612000000000027,5.644711247384023
0.44979476831432474,478.5490000000002,3.0691700000000015,4.722052939177218
0.7041102390917929,369.4250000000002,2.9795000000000016,4.27924192257027
0.21140154424480315,385.42900000000003,-0.19411000000000017,4.711102919397057
0.6874873859076966,273.376,2.702400000000001,5.952288851793034
0.1783611795304175,431.5030000000001,0.6939000000000001,5.797611210388434
0.5000546240065376,467.55100000000016,2.9118999999999997,4.141301975849251
0.25376922375500144,373.8010000000001,-0.03942999999999908,4.901038922480617
0.3733045508234608,329.57200000000006,7.280700000000008,3.765240828919585
0.6557173084295675,382.50400000000025,4.401500000000004,4.283880230966637
0.4025321575327924,448.58700000000033,6.5308900000000065,3.7171873855482485
0.8574208911114329,330.4530000000001,4.788100000000004,3.4479000866270058
0.6259870030534664,312.42100000000005,2.5074000000000005,6.005335909868669
0.23341138162238434,545.6250000000002,2.0279000000000003,4.0821396734412625
0.03821157224881759,490.57600000000014,2.3296700000000015,4.561768352066852
0.7313769325496504,409.5050000000002,3.4276000000000018,4.489767554585931
0.1816009391280242,616.1860000000001,1.7174900000000015,6.841991483624935
0.7610827353739843,367.79600000000005,3.4777000000000022,3.5256365104869705
0.6246276027205995,451.4270000000001,5.368900000000004,4.803830830961534
0.18495915386094205,481.5740000000003,3.317300000000003,4.818287018219458
0.8830197912505992,347.8020000000002,1.8175,3.262563133660347
0.3280447935059087,414.44700000000023,1.9026699999999999,4.280926645339576
0.52688308664993,385.5120000000004,1.7289699999999995,3.8762223664262656
0.5002318048983377,425.5680000000002,5.244090000000005,3.865336391132791
0.7083259525894744,257.68,3.2026800000000017,2.744764834275939
0.6788053352982778,220.312,3.6543000000000028,1.453554829863382
0.6394306998553754,357.793,4.398800000000002,3.281935066433457
0.4003138892379202,352.49800000000005,4.9364900000000045,3.1620900988445575
0.16660292305871574,532.7100000000002,4.367100000000004,4.654629890197034
0.240344648620474,336.4390000000001,3.7382800000000014,3.185738776805028
0.21395619659443318,471.6650000000002,6.749490000000007,2.674732036894431
0.5362622851420082,431.29,3.1641000000000012,3.198420067732127
0.18742178349857191,582.6560000000002,-0.6866099999999948,4.290828470019498
0.5628687352527133,335.425,2.9621000000000013,1.8628691436032039
0.6363063865747581,433.33100000000013,3.906600000000002,4.1293056373060955
0.21069627254713746,384.7560000000001,2.0702999999999996,4.197819796223266
0.6110773453216404,453.50000000000017,4.586990000000005,5.899017304335209
0.3007836455038335,367.40500000000014,1.6222699999999992,4.002192109680457
0.24490147533917347,422.4930000000001,1.6000999999999999,4.064541899888869
0.7555205403092418,420.90000000000015,3.429100000000002,5.619010739267634
0.7179505922237431,402.54200000000014,3.934600000000003,5.458789809035076
0.7217790195720822,400.4000000000001,4.804700000000004,3.6332854343417385
0.7943287116175569,356.4700000000001,1.1506800000000013,3.8953643691148283
0.31880364649423887,368.01099999999997,6.155900000000006,3.99443464460634
0.8211527212400767,357.51900000000006,4.825600000000004,3.319404177353113
0.7417819244791127,359.353,2.834600000000001,2.523847944998403
0.7880223351251082,310.731,3.063780000000002,4.43686088949546
0.7980600855067214,323.40000000000015,1.90568,5.888252929939277
0.6752642814889139,336.40100000000007,5.195200000000005,4.09493066069715
0.5102618942049675,490.68900000000053,3.1598000000000015,3.750283100555647
0.4697405758446447,514.4170000000003,4.6155000000000035,5.481070720626825
0.7441586481702489,362.40400000000005,4.4745000000000035,1.9626724153844748
0.7252172810075638,315.735,3.1824000000000012,2.953715416740108
0.4556743099119178,427.7130000000001,5.039500000000005,2.086144448998171
0.496235156154232,495.57900000000024,1.2530000000000008,5.261778379121875
0.12203178142579427,421.41700000000014,0.8106499999999999,4.777558498659687
0.46930899662867664,506.6950000000004,3.8236000000000026,4.953525670622126
0.4678037479772458,482.5410000000003,1.4040000000000006,6.775870225074435
0.7464978201226293,324.38400000000007,3.553980000000002,3.3664503545473856
0.5946403927072934,345.422,2.940100000000001,5.8064900703230515
0.4859329563639234,429.9040000000001,4.986320000000004,2.0625320885005873
0.2209938929132505,533.5620000000001,0.13578999999999974,4.384985197760949
0.76531496038132,244.25,1.9506999999999999,2.050498683910467
0.5374740568811103,392.47600000000006,5.061700000000004,3.9740171480398416
0.5067245013430939,304.243,3.639800000000002,2.8110790599926094
0.43559067140029883,367.44200000000023,2.0741999999999994,5.105342271685
0.5470182306632367,332.831,3.112800000000002,2.453541150700584
0.4894454224035025,236.66199999999998,1.4450800000000001,3.560589734089591
0.5512953438587955,337.335,-0.02670999999999968,5.535547852330956
0.4660642108032804,432.50300000000016,5.261800000000004,4.031291074602192
0.14018311515452767,366.48500000000007,2.2411,4.490418098844558
0.4865399990619207,435.5720000000003,3.5816000000000026,3.281258757668814
0.27874714482765145,480.60800000000023,2.1345,5.54253095621385
0.8675487076697302,301.821,3.223700000000002,2.489558545071578
0.5833011647133437,461.35300000000035,4.364100000000002,2.6291946126933077
0.6165604338544519,358.4020000000001,0.8955,4.888663615593828
0.17558776476100993,449.56700000000035,2.9776000000000007,5.814466550619443
0.8696880577728974,290.772,1.1282,2.4088166965839424
0.644803546028633,246.334,1.3811899999999995,4.419974267368461
0.49567127806881867,508.66600000000034,5.040220000000004,4.582186024809458
0.5005643566635644,486.95600000000036,2.3411999999999997,4.297939137095742
0.882035796232849,346.789,3.845500000000003,3.3064325777456745
0.04741876226267733,361.4730000000001,-0.6148599999999986,4.988720319210984
0.587371164426208,444.346,5.085000000000004,3.5577965556910254
0.15282834188975755,527.5960000000002,2.0546999999999995,3.948468095247149
0.4209716333239332,347.4400000000001,2.726300000000001,5.084141078529286
0.4613142649981336,397.4550000000001,3.4435100000000016,5.271174656845098
0.6340450033144175,361.46700000000004,2.771000000000001,4.412941120826402
0.3871549385105326,498.38600000000037,3.382600000000001,4.61348115462579
0.6674476123896149,405.49600000000015,2.5109900000000005,4.50058469241854
0.3759557007687642,500.2800000000001,1.5375999999999994,3.7954339777284485
0.2549159357587676,468.0260000000002,4.1769700000000025,4.7122617303885
0.704136067841813,362.904,5.205380000000003,3.41694335518018
0.6294762754838108,378.53200000000027,3.884000000000002,4.493566719061354
0.8635479890225654,367.4900000000003,3.6076000000000024,3.4505086181178433
0.23903662948752422,549.0930000000001,5.241700000000004,5.410330924440837
0.3884331667334142,435.4530000000001,6.113100000000004,3.787212291846485
0.17239550410428028,523.6800000000003,4.872100000000004,3.419171754433716
0.3185956030493326,520.6820000000002,5.615000000000005,2.550099196107398
0.13668809841540977,574.6420000000003,4.154470000000002,6.148893527720421
0.8464596016911723,340.44200000000006,3.638620000000002,4.187062176577831
0.24965519814636528,320.40000000000003,3.0747500000000008,4.832493004658914
0.20086166810581327,545.6750000000001,5.916690000000006,5.236880687831109
0.39982702631715883,453.3510000000001,4.017920000000003,3.61463707341996
0.9170076798634085,289.382,3.4902000000000024,2.9465613379559876
0.6031759602523629,417.4730000000001,1.9190999999999996,4.856272383339007
0.4407956182921628,383.4230000000002,1.5717999999999996,5.489456210516254
0.526743754556785,402.4760000000001,2.9854000000000003,3.682091769428176
0.7536024050497319,327.4280000000001,0.08740000000000153,2.8549739028911176
0.3052527707222393,416.8650000000001,1.9989000000000001,3.753832949705541
0.32938481481745735,466.53400000000016,3.9514000000000027,3.1540074477146742
0.398216713617417,498.46200000000016,2.5857900000000007,3.876174334228815
0.4739296565774398,368.8900000000001,4.551900000000004,3.317362569876307
0.5819462930121436,394.4270000000002,3.6971000000000025,3.5230947764998986
0.2595407730377706,383.40400000000017,1.7974999999999999,3.3803806155820215
0.3185651604827246,460.9730000000002,3.222500000000003,4.4252296223903524
0.45155067271724,377.46800000000013,0.8885000000000004,5.143848340911731
0.7512374857875357,368.6140000000001,3.2989000000000015,3.853677307434822
0.7601666661084924,357.4500000000001,3.355620000000002,2.9834935344601146
0.598264632390497,342.40300000000013,1.1944700000000006,4.685992329074022
0.12661431564923362,559.6420000000005,4.1327700000000025,4.377178992793022
0.28146467064610264,424.8430000000001,2.1965700000000004,4.60587961036849
0.10924476327450149,568.0050000000003,3.516000000000002,6.996343282726288
0.6474576192024157,382.5080000000003,3.9352200000000037,3.271435401906807
0.5571781948126369,214.14999999999998,1.84738,3.9229297416932223
0.6462112669605226,351.41800000000006,0.35438000000000075,5.173749766860752
0.26796221725769165,436.9140000000001,1.8576999999999997,3.56389057121892
0.4561132328735127,495.6640000000005,5.311400000000005,3.2941305945838453
0.441014424028597,443.3160000000002,2.4177,3.7262211074156992
0.22970562110432727,479.5790000000003,1.4949,4.882267398086883
0.8064435905013188,405.20800000000014,2.2884,4.988650480015707
0.44214897900644723,368.45200000000006,3.666900000000002,5.143661059466056
0.5727751256632184,428.8760000000001,2.7667,3.5868499721834173
0.7539430837709071,269.38800000000003,4.078800000000003,1.640590331200455
0.7349606967044551,405.43300000000016,4.351900000000003,4.278700210355083
0.8308705911267178,322.4520000000001,4.238300000000004,3.3956518625434047
0.7248781918610838,316.4450000000001,2.7439999999999998,2.836480364689809
0.5846266855844393,392.50300000000016,4.727920000000004,3.122103035175627
0.6412722337422877,383.90100000000007,3.3565000000000023,3.823531626209145
0.7808090668941264,347.4590000000001,1.4122999999999999,2.9876672042500214
0.3733521568096162,528.5330000000002,2.260890000000001,5.407610033091658
0.7345030690049263,257.091,0.30810000000000004,3.887196207218784
0.21502039233967818,428.0160000000001,6.668920000000007,2.4635767799909374
0.46309942369677787,382.34200000000004,3.0680000000000005,3.7646455044575644
0.2120445277680799,509.7450000000003,5.225380000000005,6.536523429393558
0.46001492054602405,380.83500000000004,3.9746700000000024,2.2013351526472125
0.6058014465203218,373.5000000000001,5.334100000000006,2.591141572430052
0.4913588504666333,477.69300000000027,4.596400000000004,3.107599436457112
0.46001872378012754,466.52500000000026,5.538070000000004,4.26232256357294
0.3659082894881382,490.68800000000033,5.243600000000004,5.702877923942941
0.2662431588913336,451.57300000000015,7.834480000000006,2.5990551870496823
0.687177171506219,395.54700000000014,3.9391000000000025,4.208654015459018
0.2812494423980701,398.59100000000024,4.991200000000005,2.9914293330133486
0.25959553420816683,526.5590000000003,7.17120000000001,4.149925579317999
0.45387507476213346,392.4960000000001,3.507600000000002,3.244162898891247
0.8353679026708253,369.4650000000002,3.1693000000000016,2.430345316473664
0.21818977569800058,575.7310000000003,4.910920000000005,4.346209528080388
0.7442151652924976,450.58300000000014,4.589120000000005,5.335878417525425
0.8919953537658541,279.383,3.9334200000000026,2.477427731403166
0.3979803089545156,536.6260000000002,2.502720000000002,4.141696057489456
0.2766912070096653,500.6290000000003,0.34247000000000294,6.527780517819244
0.5879034712079876,403.3130000000001,5.228100000000004,2.34149779000985
0.8068152638630478,328.3930000000001,3.4463000000000026,3.7066099767603253
0.2945940318112362,466.47300000000024,2.3172999999999995,3.707602662605412
0.29512969559000635,437.56000000000023,3.6321900000000014,5.740533960658657
0.8611037695251833,324.424,3.973100000000003,3.3765921386456412
0.19174431981592502,546.2919999999999,6.107890000000004,3.0952657971559674
0.16397935074832418,371.4620000000001,3.0603000000000016,5.0393165603830194
0.598999571892443,306.40600000000006,4.442080000000003,3.45959012957465
0.5749329874150393,470.92200000000014,3.7254000000000023,2.8471123711388096
0.40922405416809776,361.43200000000013,4.076100000000003,4.381626358383516
0.4171690623728918,415.5620000000002,7.131200000000005,3.8058788072740004
0.8352955938817583,327.35499999999996,4.2505200000000025,2.7179845522417665
0.3796978119782788,349.42300000000006,3.3969000000000014,3.498733772559179
0.72998440120206,425.5100000000001,3.885500000000003,3.519117213547659
0.44123538841296095,365.4580000000001,3.234280000000002,3.6233862462204174
0.5699574158763816,373.27500000000015,0.8254999999999997,4.607359159793331
0.5718819034046037,363.45700000000005,4.632300000000003,6.003852342683623
0.476612120001467,552.7600000000004,3.538700000000003,5.597638682647618
0.6015840126548112,416.4990000000002,2.9467000000000017,4.685292897867853
0.2092755988396027,530.3840000000001,4.599200000000004,2.415325883059687
0.22617193771408778,492.0150000000002,3.9242100000000026,4.808349547957759
0.46218903253867505,405.4980000000001,2.864600000000001,2.5682843474235053
0.6835400671890872,358.354,4.963900000000003,2.798489424152857
0.5692887834583399,424.43600000000015,1.6944999999999997,3.1068225364936453
0.5905241208549201,400.5070000000002,5.064700000000004,4.463934569621124
0.6954266497082371,309.2660000000001,3.2885000000000018,4.8391296539125666
0.4262684042782779,452.6030000000001,1.7856999999999998,6.102219581571707
0.25977208088674325,532.6480000000003,1.4109000000000005,6.05242364314754
0.4817309895604362,487.62000000000035,0.908390000000002,5.333967506878151
0.29254120237786274,466.5410000000002,1.8915999999999997,3.1373147948367457
0.5466548270769411,432.01000000000016,5.004200000000004,4.924555292775233
0.639421931184023,336.3910000000001,3.257100000000002,3.0504755048657
0.7653157432488852,409.48400000000026,1.6670900000000002,3.6169542694281756
0.1927663244321323,418.3460000000002,4.296300000000002,4.609119593350053
0.6828543531896825,373.4560000000002,4.150400000000003,2.8845578405206496
0.452038103782451,489.85700000000014,4.723100000000002,4.64862279699394
0.6165651088852152,351.4130000000001,2.13248,4.686133846453407
0.2792087550145299,594.6450000000003,0.535600000000001,6.525422880064758
0.5626941252854055,361.4420000000002,1.7362199999999999,2.5111820711285695
0.3345975518793627,416.9970000000002,4.523120000000003,3.1171699871872667
0.2504073895219595,573.6440000000002,0.903400000000002,4.1687515652787095
0.4490705740430652,266.1790000000001,0.8091000000000002,4.173330035372812
0.6812315051647324,480.5850000000003,3.5893500000000023,5.328427372202366
0.7335832301286404,318.46400000000006,5.355120000000005,4.838184765226728
0.4772436362993214,377.5320000000001,5.000100000000004,2.16430416755197
0.19711229967234078,491.51900000000035,4.384300000000003,3.3976780952736094
0.32921602420586826,504.62200000000024,4.595900000000004,7.144833111096187
0.38350107079085594,381.47600000000006,3.0946000000000016,4.075649077120483
0.40511916118730756,521.0430000000003,2.2825000000000006,6.076906277596528
0.5290297617953525,455.5240000000002,4.035190000000003,6.148150249130052
0.3313898801728616,605.2000000000002,4.013170000000003,5.895688146536076
0.2641245522755145,465.96300000000014,2.696270000000001,4.47014849397877
0.5792104571093855,413.4900000000002,2.8706000000000014,3.743131263355302
0.4551163524025114,351.41000000000014,1.07458,4.040861250611709
0.46316771385206357,396.3220000000001,2.510700000000001,5.6581570003898705
0.9204450773961813,306.409,3.0905000000000014,2.8680538657072
0.8056810219102117,310.33200000000005,2.644820000000001,1.9750313813654419
0.6703124470278163,433.5080000000003,3.1709000000000014,4.26448563764962
0.6896038978489141,437.5450000000002,2.33537,3.013754101480382
0.21136568612990517,438.5430000000002,4.988000000000005,2.5629647200634302
0.6021064062176302,461.5090000000002,3.187800000000002,6.087119898618083
0.8269547521285967,282.13,3.546000000000001,2.1484643490688384
0.7936358315373229,286.43899999999996,4.769790000000004,2.9280546317981795
0.30870466084674525,411.5240000000001,3.7806000000000024,2.6044765691254703
0.37830691468618466,353.4290000000001,5.155090000000004,2.8391071156841754
0.8406870872349672,346.4910000000001,3.807450000000003,5.777415784671626
0.3785726628226806,333.365,1.8825000000000003,4.262308777959126
0.5282565424423906,419.94800000000026,4.467310000000003,2.8321640668203703
0.2659966443708759,545.8130000000002,4.313000000000003,4.9335320182948035
0.3812092335544313,464.5250000000002,3.000680000000001,5.218641586610044
0.19942532889099646,516.6020000000001,2.560600000000001,3.7722931523777197
0.13277726636664589,580.0620000000001,1.4522900000000023,4.813861443714806
0.35284688881323806,487.6940000000003,3.1141900000000007,7.802014923064421
0.8452986678336747,353.34400000000005,3.818900000000002,3.0579853021107084
0.6999688741980966,456.5900000000003,4.448400000000003,5.018100032618358
0.2143857162065557,379.523,5.820200000000006,4.001273008744414
0.3986918180816877,420.42100000000016,3.644300000000002,2.799434472833168
0.9165064447169724,297.354,4.014000000000003,4.087333825948551
0.4489200348547013,317.314,4.9547000000000025,3.24871389884796
0.7890739606896859,230.26699999999997,1.2289,3.5017427296829915
0.7798182616488576,271.338,1.1841999999999993,2.516271087178149
0.3076725963469318,539.6330000000003,2.293399999999999,3.977436416626377
0.7780760107025813,317.7360000000001,1.8563999999999998,3.1309171537128107
0.3243981880042589,337.25,5.115200000000004,3.607484012924462
0.06700198710733174,630.8730000000003,5.570200000000008,4.861197002794723
0.6238681099926348,294.42400000000004,2.777700000000001,4.323304933181571
0.8217715746128084,266.30400000000003,1.0942999999999996,3.226225609715045
0.5958926063653988,347.422,2.9542800000000016,2.6597276183617886
0.42281274695457594,176.17499999999998,0.9504999999999997,3.518744531713608
0.389978698647592,383.487,6.395490000000006,3.384148222419629
0.37993943076879794,440.2760000000001,3.753800000000002,2.9600075446626626
0.3814827238272213,493.83300000000014,4.311100000000003,3.418784908069756
0.4609939290220639,395.5690000000001,1.9750000000000003,3.631715311343658
0.4505031327093101,525.4030000000001,4.1978000000000035,3.669278394111606
0.5197350951135493,318.48300000000006,1.7838999999999998,3.4421467342545364
0.6174503008408253,327.428,2.5479400000000005,3.2543664578361717
0.8513356495406273,292.375,2.605200000000001,4.194645351732599
0.6926368938107124,214.332,3.356110000000003,4.166706789273806
0.6321496381199835,404.4780000000001,1.1673999999999995,5.170819546266115
0.7973896359813166,323.32700000000006,3.5436000000000014,1.89021541268567
0.600083147160021,357.4250000000002,4.618800000000004,3.1735991417292038
0.7364749334623939,390.8940000000001,5.123390000000004,4.847748592202409
0.3503995513560882,253.685,2.390600000000001,2.546143504917479
0.3185355418184774,596.8570000000003,5.580800000000005,7.44785310555942
0.3668578245806349,403.9390000000002,4.2337000000000025,2.7222718235712247
0.48555148556204103,390.48400000000026,1.1484000000000008,2.950427655504125
0.30811437302018446,311.429,4.351570000000003,3.714959181257857
0.7747033557699354,425.476,3.7932200000000025,4.835075917497043
0.5372640214487463,392.51800000000014,5.453700000000006,2.9621325039388076
0.3786731892411727,385.4880000000001,2.2547900000000007,4.688250243505271
0.34503243752378865,488.59200000000016,4.888100000000003,4.135342826016379
0.46303636251811164,460.42000000000024,-0.30439999999999867,4.077135167680032
0.35354588321575764,486.3280000000001,5.069280000000002,4.324110004274904
0.6297985370593632,478.74800000000016,2.6891000000000007,4.153720211578914
0.2056182354231532,435.4590000000001,2.94477,4.695738017034652
0.44634969865507107,446.9580000000002,5.357910000000004,3.259922840071149
0.8612095288510337,307.353,3.1248000000000022,3.987309762026234
0.3332163605290602,290.363,2.683000000000001,3.869532102492112
0.39062550070183033,471.0180000000002,3.3793700000000015,6.589121779748949
0.3188657700632505,492.45800000000014,2.4668,3.8455660849939273
0.7426668359000907,250.30100000000002,2.6754000000000007,3.024813046088619
0.4288002980512936,500.9580000000002,3.133700000000001,3.952073562331239
0.6895875770214782,324.336,2.855880000000001,2.25587126552848
0.4803619966393676,528.6090000000003,3.334100000000002,3.9083312751991492
0.5043534678152866,380.4140000000001,3.8588200000000024,3.056026269530329
0.30486765671294574,529.0180000000003,4.820400000000004,2.766858014440677
0.6931116233719898,404.5100000000001,4.949800000000004,3.1146196371337957
0.4640692982545948,246.27,1.2083899999999999,3.600762502914993
0.7096142559864071,305.37800000000004,0.8149000000000004,4.4430996850616244
0.7161386997447007,362.4370000000002,2.3273800000000007,6.403183981033644
0.8058764909632175,329.19700000000006,2.8183000000000007,4.48198533245562
0.316749050767774,414.4950000000001,7.202320000000006,3.4706225048588344
0.7678414229430544,378.49200000000013,3.8453800000000022,5.247669467739586
0.4849208424128561,427.8730000000003,4.231870000000003,5.30609676005834
0.3201207259876327,452.58100000000013,5.099200000000004,3.7989171847081726
0.7817815316384846,427.84800000000007,2.6979000000000006,3.071992458498478
0.5135017596563879,427.5730000000001,2.5975,6.2639331332142385
0.6108583665100873,292.382,4.102490000000002,3.294081598944998
0.8351681490595284,412.3710000000001,2.857660000000001,3.5785512844074923
0.6352722653691749,391.47100000000006,2.7061800000000007,4.74147436006324
0.44238316576280123,328.4119999999999,3.474100000000001,2.0089278266144532
0.3535515184779479,279.296,-0.5223999999999989,2.8853707544226843
0.26026180842733915,382.46800000000013,2.276670000000001,6.133466769959375
0.6179576496268904,368.44000000000005,4.0218000000000025,4.194512679371891
0.20712351523106837,437.5840000000003,4.439900000000003,3.4824171270113213
0.6191652656953586,458.48000000000025,4.454100000000004,4.177789277607801
0.2041833362696176,768.9150000000001,5.752480000000006,7.210254922290197
0.6207293602744441,462.4660000000001,3.2723000000000013,5.290648772723274
0.34866935840769936,460.4980000000001,1.9284999999999992,5.924964751352733
0.5301275706504619,450.4950000000002,1.9302,4.576371090937502
0.08820377134437146,511.4030000000002,3.147900000000001,5.836134872905844
0.4213950565249775,560.7270000000001,6.338480000000007,7.563185636544112
0.6786279874131692,328.4310000000001,4.113300000000003,3.3716708259680406
0.371728992360717,333.107,3.823300000000002,3.3853439521403477
0.5655969988957605,450.97000000000014,3.932280000000002,3.677340125037329
0.8273833430075986,247.363,2.8103000000000007,4.701210925110168
0.6422504707153253,329.4390000000001,3.3706900000000024,4.59944630186198
0.929421660876126,294.826,2.966020000000001,2.891453476751529
0.8443047057725974,361.38000000000005,2.78758,5.30644721976567
0.5496757563117975,412.4420000000001,1.8050999999999995,3.5797043504010837
0.720302729442502,382.5120000000001,1.2880000000000003,4.805177801560601
0.8013535552434802,348.70500000000004,3.4627000000000008,4.863680826055154
0.19734045599564679,486.4590000000002,2.4688600000000003,5.405033491341332
0.8392972297657773,366.8170000000002,2.3124000000000002,2.8857747120250608
0.42221761806768165,465.5980000000001,3.110800000000001,5.251870524961313
0.7303793937620101,388.5350000000001,4.9448900000000044,6.171681345151333
0.8470800625018957,386.44300000000004,3.194490000000002,4.947518264042214
0.33152779315062947,620.8390000000002,3.5244000000000044,5.033922728278071
0.44707692052264764,422.4920000000001,3.9155900000000026,4.303773963695004
0.8515031834672785,354.454,2.2283,4.044803913806797
0.5798950815701358,268.268,3.1210000000000013,4.203001052545614
0.7188071380082258,446.5510000000001,1.8936999999999995,6.257213794848017
0.5273621539475105,525.4550000000002,4.082090000000003,3.7271011367686357
0.7517824383067087,388.41600000000017,3.139920000000002,6.242790086354304
0.7302623389718155,425.5580000000003,1.8116400000000001,4.7393369226620745
0.6298650713223573,456.5240000000002,3.8519000000000023,5.581658791422119
0.4451711574889357,286.374,4.866220000000004,3.1628425879559874
0.345840886833904,493.7310000000001,7.540800000000004,3.1062001805806263
0.6366800371998619,428.3300000000002,4.985400000000005,3.1355804152793176
0.7837740914501823,338.269,1.3295000000000001,5.02666628911056
0.5500115436089352,296.37800000000004,1.7339699999999998,4.232967087446775
0.8948823286423823,287.32300000000004,1.87272,3.7284261139292774
0.13175828147274485,434.99700000000007,3.0216700000000003,5.178628592815819
0.4244071249202391,391.42700000000013,1.7799,3.013488853145157
0.42887223743978015,305.38100000000003,3.0562700000000005,3.3835895325892196
0.6338446321506632,486.4940000000001,3.5020000000000016,4.737585794089757
0.6438836556161258,498.55600000000015,4.129300000000002,4.704759765067606
0.35208039664530316,444.9320000000003,1.81427,4.880195468694555
0.5973616947014428,319.33600000000007,3.0919800000000013,3.1395813595122952
0.5754928797455333,424.9750000000001,3.063200000000001,5.370052719061355
0.35473914030287074,362.3640000000001,3.633160000000002,3.4740917700201175
0.4000190849397009,286.354,3.032700000000001,4.163446821729623
0.3670995423100472,354.51100000000014,3.7883700000000022,4.981253659762778
0.5060423348317071,454.3570000000002,6.027200000000004,2.8217684878084697
0.4578677859244433,416.95200000000006,6.553820000000005,2.4601115998222696
0.6119920469447141,312.4340000000001,1.023790000000001,4.2482529098211215
0.8523543675177342,267.33199999999994,2.01598,3.233788048138691
0.40111262685019067,485.5880000000002,2.995300000000001,3.9743693240691638
0.6324959142812391,381.4950000000002,5.0038000000000045,2.879359681414801
0.4217814901131545,385.86900000000014,3.2318000000000016,3.102321040998687
0.5882036573727232,364.4460000000002,0.8570600000000002,4.2225863036908855
0.0774395428911402,618.2160000000003,5.828610000000006,4.738454869018003
0.1995447188580814,417.4260000000002,-0.6445999999999974,6.3074809816484985
0.31911671211671394,359.4300000000002,2.3183999999999996,3.2904398161233033
0.29435870382728174,645.1949999999999,5.169670000000004,6.206681293966501
0.8318985036734432,348.27600000000007,4.251520000000002,2.691338872314514
0.7719564377394502,340.4080000000001,3.7794800000000013,2.958615582405633
0.7790918626720817,372.553,4.215600000000004,3.7699801090430043
0.8725507001349406,256.305,1.52242,3.952716117007978
0.23393778204331353,603.6350000000002,3.4327000000000014,4.6033715532167
0.7353088200493516,379.4360000000001,2.7894900000000007,5.560420524108219
0.6742629398167834,338.8190000000001,4.167980000000002,3.0225790629146623
0.6701439027326559,193.69700000000003,4.270690000000003,2.389463450632528
0.11491277832980469,548.724,2.3459000000000003,4.829706470968951
0.26300944939463616,382.41300000000007,2.2701,3.7519806373060964
0.8278633016153559,347.443,3.820400000000003,4.624415708705936
0.1289852819823259,610.741,1.781700000000002,6.437555783222496
0.7373265444247913,451.5670000000003,3.723620000000002,3.908047023570716
0.2367471567078559,458.5680000000001,8.389580000000004,3.0294756299651198
0.6433589948397564,450.5070000000002,2.4882,6.004465812596449
0.2538612388762243,736.053,9.96757,6.870321140623703
0.5681795671453187,382.4860000000001,0.5680000000000005,4.058315442289845
0.40354798563751065,210.19399999999996,2.7720900000000004,4.009485443991734
0.8268011525005312,367.41000000000014,2.19709,6.027592155848451
0.23943146723568026,588.5700000000002,3.400800000000001,3.9223152904336755
0.13212332135447546,575.7350000000002,2.9533700000000005,5.57781175857621
0.22382229165152112,554.7360000000002,5.879810000000005,5.625469961925588
0.19301611426789456,446.5320000000002,4.535900000000004,3.90122268964112
0.10403279537923543,453.4970000000001,3.143770000000001,3.774017150144438
0.7743882306499247,301.386,2.623500000000001,2.3176046758680755
0.39499279615841354,552.6130000000002,3.213000000000001,5.715110166086832
0.12968938048822437,559.5350000000001,4.137070000000004,4.876123879891755
0.6663655045436208,398.5250000000002,3.0695000000000014,4.11046666269501
0.824091499221446,283.346,2.842600000000001,2.889629768274604
0.4880406855483661,355.52200000000005,5.209200000000005,3.766380956497539
0.7904479419397433,409.2230000000002,3.034900000000002,1.9470161456482966
0.46258165170834414,429.3220000000001,2.3632999999999997,4.011792354486825
0.5582265132046673,307.39000000000004,3.669800000000002,1.7516414713306787
0.4502745427715038,288.29900000000004,2.7067000000000014,3.675685948645958
0.6386699934040496,398.5070000000002,1.8576999999999992,3.888349642116209
0.618934682242695,309.453,5.3807000000000045,1.6536550427786558
0.8201218919652974,363.5220000000002,3.0833900000000014,4.332681797155969
0.4441995315620792,474.4760000000002,6.845600000000006,3.8173126375759647
0.5410731040296349,391.4520000000001,3.310100000000001,5.333034895090013
0.6006715543272362,371.48400000000004,4.904400000000004,2.486665664320782
0.05796080384280358,530.6220000000003,1.1103800000000006,4.497331949073873
0.8446131321931052,316.401,2.76232,3.23199361912768
0.6795452298263932,168.19600000000003,0.9053999999999998,2.5770275342585176
0.9176120621021742,319.408,3.416000000000002,2.9224442265577295
0.5712035511516401,349.47400000000005,4.271200000000003,2.743835394391116
0.7775334399621792,303.355,1.3016999999999999,3.8155427823947123
0.8083238355100002,327.413,2.3989000000000003,4.469260495753997
0.09474459141228143,679.9909999999998,8.212720000000008,4.299328780236882
0.8623748018527465,350.3380000000001,1.3521999999999996,3.2289186786528496
0.6683569007297432,318.756,3.995300000000002,2.0626481995575006
0.5961985008443368,347.41100000000006,2.27728,4.868183736707842
0.2691706480667418,485.7170000000004,5.3010000000000055,4.065627441400993
0.5689852976112542,350.4510000000001,3.2482000000000015,2.9726281592535653
0.5287352816352522,458.4980000000002,0.9360000000000002,5.151674922447537
0.1430446583201951,520.6340000000001,4.720680000000005,6.329548580963909
0.9445275049199036,296.248,3.3613000000000017,1.8375412331642664
0.8375766485719991,327.46800000000013,4.757620000000004,4.078956023636728
0.1005259039002705,525.6750000000002,3.8308000000000018,4.568549246308287
0.1563709043439883,477.53600000000023,4.542800000000004,3.814305821491491
0.3357164394688588,480.2660000000002,3.123990000000002,3.9183211384323293
0.8730317666065242,353.4120000000001,4.335300000000004,4.437257097213152
0.41981707645609084,478.6590000000003,2.732000000000002,4.842983111106782
0.5020247935981785,431.55800000000016,2.5176999999999996,3.1184807181153813
0.7480910322951263,181.21000000000004,1.3132,2.4232158978512626
0.4686786620272072,240.18099999999998,0.07959999999999978,4.448306930883076
0.8889780998920679,333.4130000000002,2.0995,2.9891778794827104
0.24874244422018849,586.5780000000001,5.405220000000005,4.086093840770568
0.17216505396402892,538.6010000000003,1.7720999999999993,3.4965802685542666
0.522633933073497,386.4110000000001,3.522000000000002,2.3779799483548576
0.1842041381393939,515.6740000000003,4.206500000000002,4.081811916845297
0.6604261527006844,421.511,5.182000000000004,4.369091389371835
0.8956665301388972,278.69499999999994,1.90088,2.56444343456222
0.46471724369728085,263.25499999999994,0.9059999999999999,3.3566980578955974
0.4258320750893346,479.96400000000017,4.751800000000003,3.307213289092327
0.5760675314944943,407.42600000000016,2.6971000000000007,4.642043587174033
0.2897042434008712,529.5300000000002,4.779200000000003,4.555662427117754
0.7892431289610686,257.33299999999997,2.929400000000001,4.081239463836589
0.08734657621520694,593.7250000000003,5.2146000000000035,4.09594229937842
0.6627195447687868,413.44100000000014,2.467600000000001,6.25722775104822
0.4892455261614405,532.0360000000002,3.5372900000000023,3.416320752929762
0.2294587691172959,558.5900000000003,0.27078000000000174,5.868942846267098
0.7995938538927553,305.35900000000015,1.6668999999999998,3.717213076119629
0.19613455680804867,387.50400000000013,2.07707,3.4545380741993537
0.4718273339476436,604.7080000000001,1.469270000000001,5.778525917009105
0.6606191439308754,359.8530000000001,3.734300000000003,5.030102408927307
0.6280748865191392,496.9990000000003,3.7432200000000027,6.154990431176678
0.8762526521513411,354.194,4.274140000000003,2.002877628529337
0.07546873673368254,482.3890000000001,4.758700000000004,4.208673995379586
0.6799903293106706,358.39799999999997,0.7511999999999995,5.244406733173481
0.6806728357652831,248.28199999999995,1.1623800000000002,3.5062511892189647
0.6107989784509765,399.88600000000025,3.057500000000001,4.668048298152616
0.72820030167783,190.29000000000005,2.708000000000001,2.1198531935720624
0.24276752227619175,338.3710000000001,1.3143,4.62756904439582
0.1611729117096613,422.91600000000005,4.647570000000002,4.050075144879062
0.8646241976922019,316.4200000000001,2.748400000000001,4.489182721266227
0.6273915479494672,347.40900000000005,3.4981800000000014,5.360363083370901
0.6606238001943464,416.3120000000001,4.079920000000002,3.7705793306523026
0.44523089547672196,385.2190000000001,3.5977700000000024,4.168508417663684
0.8626392119464574,335.40700000000004,2.5571,3.1985435438689507
0.7417022902764062,352.47800000000007,4.3280800000000035,3.993146021921481
0.2024617181585491,494.0390000000003,5.935000000000006,4.2686193385550135
0.43500502197748586,516.9970000000002,6.056200000000004,3.980506644198197
0.7123826975349794,412.5370000000001,3.907700000000003,4.058000462516349
0.6154280706696363,307.369,1.3975999999999997,3.8875049332686507
0.6307191472555822,353.773,2.3906,4.38815177811813
0.41438813991246987,519.0410000000004,5.152100000000005,5.106702996678556
0.6967986974561838,372.22200000000004,4.7585200000000025,2.137155157589218
0.09318573418159225,651.4200000000008,3.365200000000003,6.352230136170999
0.22214549340640233,432.56800000000027,-0.44129999999999764,4.430901346744138
0.5856200548926052,344.35,4.697790000000004,3.2242526576143122
0.5713390590567337,406.50400000000013,3.576100000000001,3.1269835446626635
0.7259686919861477,356.3780000000001,3.9803000000000015,1.8926467971559688
0.5583373888548696,256.68899999999996,1.1375999999999997,1.9989134045830301
0.30698456613967895,406.3170000000002,2.703080000000001,4.681253526684506
0.29150483179873027,280.456,3.227500000000002,2.7315579006545967
0.27751892844820036,235.223,0.91432,4.418054081840555
0.8680691187842099,275.27399999999994,2.5841000000000003,2.6683013357108436
0.4473189570525134,441.3580000000002,6.069500000000004,3.8584567739872213
0.24292771407823016,346.47900000000016,1.7729,4.922405080504202
0.47089630342094735,474.5690000000001,3.495770000000001,6.760676668960862
0.5786799643309305,286.444,4.386000000000004,2.476412151666743
0.4835661583501505,458.43000000000023,3.537700000000001,3.7268746470854355
0.596498393269732,350.249,4.160420000000002,3.1227634416128875
0.16275487590200316,383.4740000000002,1.2935999999999996,3.932983768986955
0.35118183189406027,229.23600000000002,-2.769299999999998,5.132084572710729
0.4617270495035536,309.36900000000014,2.729300000000001,3.786737675071736
0.19166650166525534,550.7660000000003,3.4615000000000027,4.746647696722713
0.789858342975912,339.8460000000001,4.8701900000000045,2.9916055312627456
0.738537874097976,389.8900000000001,3.9063000000000008,5.00407184641906
0.8635549766805499,298.14900000000006,1.7633800000000002,4.807556345556447
0.61603183642384,504.9270000000002,3.668000000000002,4.063504355650067
0.6440120601965703,422.48500000000024,4.088700000000003,4.3049493269445716
0.2560019066961401,672.5870000000003,5.035020000000005,4.055605652824141
0.26321474767755854,423.47700000000015,1.1534699999999998,4.593068819881467
0.5114189113138952,397.4690000000001,5.415100000000006,5.5234363469829155
0.5950907945357424,445.3700000000001,4.249370000000003,4.115270400821252
0.5332907171543584,475.5600000000003,6.119200000000006,5.64741393492727
0.6994189586018406,187.21099999999998,0.5809000000000002,2.7105490542459485
0.6745481491169115,347.41900000000004,0.7614000000000012,4.960734726449692
0.7447210934953395,280.353,0.5880000000000001,4.798279155227621
0.6366202353067818,384.50100000000015,4.006200000000002,2.1433737140857723
0.6209823571997255,314.41,3.047500000000002,3.5477936868570854
0.6753316669496748,311.36600000000004,2.564600000000001,3.3478856168021416
0.05020101326611867,589.8690000000001,5.598570000000007,5.008149816681776
0.6865641954418537,397.4780000000001,3.047580000000001,3.379816476177105
0.3760525240319664,430.4770000000001,3.5275000000000016,4.068044907300026
0.6703216729325443,382.42600000000004,3.9681000000000033,3.130424666853015
0.2510432540000219,472.5570000000002,5.957600000000007,4.057351471034682
0.31392789975072083,270.34,1.7019499999999999,5.101423994515924
0.6794779669627512,447.4660000000002,3.300200000000002,3.7919599919312272
0.2819228096079726,577.664,5.1490000000000045,5.160846596431415
0.40982353248786324,569.9770000000003,4.072400000000003,7.116352246051395
0.14353355674323898,583.6670000000003,7.532080000000007,3.9361187651445757
0.3402981856402065,370.53600000000006,7.295300000000007,2.5335951382882307
0.6767446555234927,376.464,3.0124200000000005,4.121367025838433
0.6341026861916736,347.845,1.29318,5.7332069624172775
0.6887507616610472,307.35299999999995,3.8165000000000022,2.870321591155653
0.4003329012081869,504.61100000000016,5.116490000000003,6.990587383802569
0.32244233917321663,447.5310000000001,4.209800000000003,3.931329035804006
0.08364147813793432,475.6340000000002,6.275290000000006,3.479858417659486
0.7800849291795021,307.82500000000005,1.7835999999999999,3.929715625526603
0.21165476752599305,455.49400000000026,1.1540999999999995,4.293383630487519
0.39577585142545235,437.4720000000001,1.793490000000001,4.423375751367522
0.7405251525485453,348.4680000000002,2.1737,2.412238085275897
0.6278619536201759,432.4950000000003,3.3911000000000007,3.8718517179134846
0.8306032168240224,408.37600000000026,4.097120000000003,2.2334238958801986
0.11104593258303534,515.5700000000004,1.8890799999999988,3.7626145622817067
0.7790823100504519,370.53700000000015,4.397700000000004,4.883406714552827
0.6747842562145279,382.46700000000016,4.527320000000003,2.657023835548374
0.4393986319928392,439.51500000000016,4.8769000000000045,3.6225330140177165
0.23187377684021457,299.278,2.33469,4.921000942363674
0.8004290696761788,337.836,2.753400000000002,4.2579785118931746
0.8401078341971463,324.4240000000001,2.5898399999999997,4.02557973254428
0.7510823931920328,340.8740000000001,5.034810000000005,4.551130431076025
0.18440775391975628,508.5740000000003,3.601390000000001,4.1658466218738965
0.3643939459976125,565.7170000000002,3.596090000000002,4.246844952809116
0.5105356694655098,377.40600000000006,5.397200000000004,4.012818571218919
0.736587622830254,384.44300000000015,2.2103,4.569044915517507
0.394948173930236,489.5280000000002,2.5579,2.467148512178234
0.22814626161052765,537.7050000000003,4.038000000000004,5.280508306831779
0.523418512033779,542.6110000000002,1.1721000000000001,3.8554790874852802
0.16263389081585605,461.59500000000014,2.1729600000000007,5.242350180410942
0.44548282505127745,340.35800000000006,2.2922700000000003,3.7311930421967094
0.7827486810678922,365.81600000000003,4.1304000000000025,2.968988948923121
0.7146531364845766,387.4400000000001,0.6853000000000005,5.0236594742745035
0.15880576393321055,422.4660000000002,0.3268000000000018,5.548758731071587
0.394703097501597,277.10599999999994,0.08489999999999964,3.867687520344788
0.3162514898788002,560.4250000000003,5.799400000000004,3.2732592073654
0.6367114550483016,355.75100000000003,3.841000000000002,3.7927335032907177
0.1563648280217629,534.6170000000003,3.221470000000001,4.714827174481249
0.26259708796211934,435.2680000000001,5.370900000000003,3.1749581480728395
0.7803852247955574,338.40700000000015,2.2647000000000004,4.290243147832729
0.8205758105338394,290.392,1.7689,4.19817958059651
0.03958961814794331,546.6400000000002,1.8812000000000006,4.7610724999578
0.7574528589430655,373.50100000000015,1.1360000000000012,5.579437596123073
0.4759891174630639,471.02600000000024,3.831540000000003,5.208346650570666
0.7737805543530235,247.386,2.696300000000001,4.332234881440099
0.409801160724315,170.16199999999998,1.7808,3.4452781987607626
0.416661077467259,495.57600000000014,4.443400000000004,4.551565492401168
0.6413393173568319,343.76699999999994,1.0383999999999995,1.9937515518199866
0.5942245820173744,298.32000000000005,0.8828999999999998,3.747486187263716
0.5663682473109358,372.35600000000005,1.7222,7.032974782968281
0.2957460166382445,497.0200000000002,5.181880000000004,2.814218111653785
0.7273151770434853,436.53000000000026,3.4883000000000006,4.125517022464129
0.7336235262156073,391.5790000000002,5.076290000000005,3.912626695896736
0.7712570362819342,348.624,4.863820000000001,2.6056050649244114
0.371135988042659,552.6980000000003,1.8790000000000011,5.535929240304568
0.6913278887716414,276.376,4.795900000000004,2.621053206970137
0.2161543753194972,518.4250000000003,3.722300000000003,4.763907093295791
0.48337327769537547,380.4960000000001,2.771200000000001,4.615279709317238
0.5880778409656123,499.0320000000003,4.617020000000004,4.573358928469764
0.7872967505429063,348.45000000000005,3.352800000000001,2.910644874079045
0.5172315741431867,287.379,0.3766000000000007,4.252609470386653
0.1079165388770946,557.6150000000002,2.4441999999999995,3.669728599120438
0.5310571076306503,392.36700000000013,0.78098,3.298670697286912
0.1927955304122349,540.4860000000002,4.972700000000004,4.178341609233163
0.7878959779581728,334.397,2.2739000000000003,3.21513376335845
0.2564210938070388,545.541,4.095570000000002,5.580845757712331
0.8108586074976957,335.8350000000001,2.43698,3.1056228083549033
0.7048840975492127,397.83700000000005,4.897500000000003,2.8284751201251748
0.47529996885992337,420.9860000000001,3.9027600000000024,2.676088718751732
0.48324480186028057,461.67600000000016,6.068590000000007,4.037667636095696
0.19699628977046585,392.4190000000002,3.4087700000000014,4.2966410941291056
0.6262184291664604,400.475,3.6887000000000025,2.0292071600472763
0.3275815126545554,358.479,1.3291000000000004,3.279486685855372
0.2382933181853968,451.48500000000007,5.615580000000005,7.428129950190366
0.8939417791391364,295.42600000000004,4.319460000000004,1.9734741264175248
0.7099762493002995,427.54500000000036,1.3961600000000007,5.783635799093114
0.8070244102102476,381.47600000000017,4.8281000000000045,3.479961404875997
0.35762700128531816,440.92700000000013,6.132900000000003,2.332812315385775
0.4245488990235534,449.52000000000015,7.1263800000000055,4.057858161313934
0.8263239043003104,337.4410000000002,3.525500000000002,5.149239642623201
0.6122205684497829,354.49800000000005,3.147820000000002,2.8705350893608905
0.2812445118638784,547.5240000000005,0.7060800000000004,5.733023002636441
0.4356802162176283,410.4740000000001,0.03810000000000141,3.9746985636287873
0.4154340273736265,588.7310000000001,1.1365000000000036,7.499036817984631
0.7419324090210283,366.8300000000001,1.5005000000000002,4.390928067791121
0.4095361228792759,293.75800000000004,2.6808999999999994,4.858067993193636
0.6998205435390117,279.336,1.2054999999999998,2.6013400967981504
0.6725884345304471,423.4540000000002,3.1869000000000005,4.891742029098863
0.5719740884106145,417.94000000000017,5.954900000000005,4.214756235158617
0.6251340440114036,292.766,2.9449000000000005,3.844780824352754
0.9000440562558248,338.342,2.8099000000000016,2.7521473373357566
0.6806799082676155,498.5860000000001,2.0177000000000005,4.896313674777014
0.865603308020255,301.4300000000002,3.945800000000003,3.145485989410089
0.5751076775507973,483.00400000000013,3.1070900000000004,4.899057051631287
0.28974824785027864,418.47500000000014,2.641,3.7744349215212267
0.43473234938997213,564.7110000000001,3.1483700000000017,5.000966563483055
0.3825624897150704,428.9630000000001,6.459900000000006,2.9491502464380908
0.45935435586805684,480.6080000000002,6.307700000000006,4.7463741897895995
0.7904775774115538,356.515,4.237590000000003,4.9261966373331525
0.760648658001177,250.317,4.041200000000003,2.2465283490688392
0.26605560083734603,465.5240000000002,2.5010400000000006,4.647580802708012
0.5556929878177966,380.53600000000006,2.912300000000001,2.656416056482584
0.1592605597192391,432.8480000000001,1.3145600000000002,3.8918252838966705
0.307099134361437,374.381,5.763200000000003,3.0531813464534068
0.3287599403706476,448.6550000000002,5.702280000000005,4.765227439361704
0.20049897714173695,393.3800000000001,1.4946,6.321903784015844
0.3268495357151392,503.7280000000002,3.362300000000001,6.308802753542735
0.6729819770338276,335.3780000000001,3.698220000000002,3.8788245839556232
0.6408107192001362,350.3210000000001,4.379020000000003,2.244440214362637
0.5896511932218068,370.43200000000024,1.9539,3.529162573327797
0.45023392682798435,386.4550000000001,3.8995000000000024,2.373331826709059
0.5412890955393644,207.20399999999995,1.4255,4.1727896606426
0.3258433013362689,285.325,1.0457699999999999,3.9899859257730386
0.7970644330837853,313.752,1.12538,4.992180274259962
0.1233124648320276,474.51300000000026,4.032400000000002,6.412253087929054
0.6598992325611596,268.272,2.5247800000000007,2.282965245940888
0.754191686648091,289.3980000000001,3.005180000000002,2.1220959281244784
0.35834018300364523,353.53500000000014,5.153990000000005,4.667862866142588
0.5701259468129235,402.4500000000001,3.361880000000002,3.4319772343611517
0.6398146619616317,359.445,3.1652000000000013,2.594956053106511
0.2566265406991329,525.7220000000001,7.139400000000007,4.295007459304166
0.1569551109959063,311.29,0.3080999999999993,3.812959849856779
0.1211432475080778,453.4480000000002,0.4353000000000005,4.287231731448337
0.8239580188037263,325.43700000000007,4.787910000000004,2.8364257869598486
0.3456191359490903,300.35799999999995,3.0398000000000014,3.952239734357973
0.8431871978898927,300.377,3.434000000000002,3.9995076781061156
0.5337537424441136,496.4610000000003,2.7550800000000013,4.080094213771481
0.8571621606326278,278.714,3.1583000000000014,2.9371368970803964
0.23527646126469173,360.47700000000015,3.7675500000000026,3.6300282586944306
0.31274166365468065,583.8030000000002,4.179100000000002,4.56144453632223
0.5575919451143809,316.42100000000005,4.8316900000000045,4.253885985802457
0.3580720870577219,471.00400000000025,6.782100000000005,3.232388388220004
0.8758171446877586,321.307,3.7379000000000024,2.925015835664226
0.7920286177701713,343.38300000000015,0.8384000000000001,4.009539589550651
0.43795641543809577,486.58700000000016,5.5735000000000054,2.9479405414159654
0.4938255315693317,352.803,1.7640699999999998,2.148425487259548
0.6857798206203813,324.4450000000001,5.454900000000004,5.398899546232306
0.6163282450582388,360.52700000000004,3.944320000000002,4.611890830042537
0.47243472087648397,414.5750000000002,2.890580000000001,5.55882275038263
0.4670427311669908,402.5130000000001,5.693420000000005,3.2611837226199833
0.353283748917205,476.8290000000002,4.902000000000003,2.9602494286999104
0.5382081188865887,497.5480000000003,3.2390000000000017,4.380959365467206
0.42619889425848356,329.58500000000004,2.8664700000000005,4.018711425991914
0.3355658429018174,529.4760000000002,3.7452000000000014,3.1001469811474633
0.7254817817444273,262.313,0.5334000000000002,4.592075795422406
0.8530106837547056,290.79,5.055820000000003,2.102278872314514
0.49248017622037876,307.3539999999999,0.6493000000000002,4.5604428215487385
0.4592775231507513,352.3460000000001,3.943800000000003,3.6473442027946614
0.5929809130383297,316.40500000000014,1.6965999999999997,3.7076484382987864
0.14365526262706355,449.50800000000027,0.888480000000001,5.2899480071409135
0.8238907698647566,355.3640000000001,3.0676000000000014,3.5511378295832365
0.4008002943345531,557.6280000000003,4.433700000000003,5.2079468718996385
0.0871490269785391,543.6650000000001,2.098880000000001,4.937255786243379
0.5814873647124978,437.94600000000014,4.809900000000003,3.3862006146718837
0.46699717359882426,420.4950000000001,1.0130199999999998,4.1903906972869125
0.7306101724120255,327.38400000000007,1.1539200000000007,2.8863221266076984
0.7801779002649606,371.43600000000004,4.961800000000005,3.7198689408011063
0.47143872848396096,459.5680000000003,2.689400000000001,4.352885486389049
0.4858727917048127,374.3880000000001,2.9411900000000006,4.156898508858769
0.7767611034647585,409.5550000000003,4.594000000000003,5.1421504929717825
0.35185260522964346,284.97799999999995,-0.9166000000000001,4.302828497415583
0.5082434020642486,426.49200000000013,5.190700000000003,2.749088331380724
0.6793589642004271,329.44000000000017,3.493920000000003,3.2574078133952
0.3547038956664374,424.5290000000002,2.2723900000000006,5.97804235797975
0.8688937287033854,361.3670000000001,3.990320000000003,2.6881947160179287
0.600888066056961,420.51600000000013,5.5830000000000055,5.543439999419514
0.528597596924437,421.58500000000015,6.083300000000006,2.5630436626336444
0.7813477586950718,288.399,2.5364000000000004,5.9591224736521315
0.8323058207554435,305.378,3.2401000000000018,3.135771043490731
0.5541825059338844,333.432,3.1324000000000014,4.243723713080927
0.38407895599637903,463.6070000000002,3.0776000000000003,4.244519090070846
0.3716036891996847,443.53000000000026,3.4144000000000014,4.138044359232459
0.5322931724956659,509.0460000000002,4.239900000000003,4.979458466929366
0.5445925066822336,322.44900000000007,3.464100000000002,2.0119781161691
0.3494116313995159,501.06500000000017,6.670300000000008,3.7688747117741865
0.48996926377356986,460.97900000000016,5.250800000000005,3.5829012042299784
0.5824505882459261,423.2710000000001,5.448900000000004,2.5401170121182854
0.532244283440511,422.3520000000001,6.088500000000005,3.0208671517892958
0.6943114528082726,323.505,5.368800000000005,4.285296575236476
0.3808466899760822,454.5070000000003,0.7424000000000011,3.304787788774054
0.4986725989517209,261.127,3.430500000000002,3.4098315522714087
0.3971279733353493,572.8870000000001,5.840000000000005,4.795214331182356
0.2847761869972804,400.50400000000013,1.8336999999999997,4.5148870518040285
0.28429596122837647,685.4710000000001,7.419600000000007,4.840043297052828
0.2714087328430474,580.128,6.859800000000006,4.663647505476472
0.5432188853728424,343.3830000000001,2.2379999999999995,3.8369957253767817
0.4439918194124563,517.6500000000003,1.8113800000000015,3.782350851044119
0.43075160361010184,379.44900000000007,2.9691800000000015,4.517432148628851
0.6036647044142285,420.4910000000004,2.1438999999999995,4.249413889626291
0.18913234497712458,654.8520000000003,5.6958000000000055,5.029471898158307
0.4506612368241126,552.7230000000003,4.786820000000004,6.435590007751092
0.21221280775664256,547.6560000000003,1.9101000000000006,5.608260424814112
0.715858431394301,320.3400000000001,1.797,4.46132515288999
0.4647405926196133,412.50400000000025,4.863390000000004,4.264577789446598
0.606968400925032,476.5970000000003,3.8951100000000025,4.892629900999115
0.7774682486187235,259.349,4.219720000000002,3.1665595616136875
0.19339072821508088,499.6190000000003,4.260920000000003,3.661159765132517
0.4641316787052645,357.4500000000001,3.496000000000002,3.6170638713255983
0.4965044840271864,429.5190000000001,6.124020000000005,4.3578486876297235
0.7154284731634176,364.4750000000001,0.8530000000000004,2.492237189353899
0.9106190147640801,294.30600000000004,2.894300000000001,3.6875517028313904
0.8349859748678693,278.714,2.767400000000001,3.2359540717296458
0.15750350688371811,423.5170000000002,2.62717,4.309740807674797
0.2578692277919711,294.31100000000004,0.36749999999999955,3.57199163104225
0.7813057742564661,314.14300000000003,3.661900000000002,2.708000270915914
0.8190973897299377,364.4490000000001,4.141000000000003,5.884232429360776
0.33572624664058215,429.5650000000002,3.064470000000002,4.679402118605811
0.08136626583906759,654.1900000000002,0.5597000000000043,5.7415649078420685
0.6557389066673999,395.43100000000015,2.8535000000000013,3.4052073734955357
0.6404261077499735,402.32100000000014,5.881320000000005,4.150624616215374
0.32627252102316073,511.66000000000025,1.9148000000000007,5.849668419882272
0.18634715527341672,384.46500000000015,2.03688,3.703684731068792
0.7727510485675131,355.4620000000001,2.0027900000000005,4.49107809284084
0.4742521097390901,454.3770000000001,5.2291900000000044,3.8106906094458717
0.6923455793834045,207.20800000000003,2.0086,4.244727624298422
0.7910495330198749,269.322,2.0865,4.808452140484956
0.3321750642668404,539.0470000000003,6.935600000000008,4.26423758088633
0.31210333698134873,387.583,7.691000000000007,2.205087886543005
0.3692882640472593,234.324,2.1049999999999995,4.85171308472923
0.5005846181964174,423.55700000000013,3.6473200000000023,3.9740736690828635
0.5042542299994021,490.58900000000017,2.2788000000000004,5.77550012928939
0.6374429784104406,326.343,1.3921799999999998,4.384654889644577
0.629989415381451,335.44700000000006,4.349600000000004,2.4501852870749268
0.45696642428101103,347.505,4.304300000000004,4.5706237846350355
0.6428401697658686,360.41700000000014,2.5984,3.6674488129771596
0.260999505781554,522.6440000000003,4.462400000000003,7.975311603323569
0.23822265615837512,447.60400000000016,4.768200000000005,3.922101805536558
0.448668568453408,397.94600000000014,6.346600000000006,4.76238945573215
0.7038947888357995,301.256,2.1666000000000003,2.985273481256236
0.7248209122244818,303.28299999999996,5.256600000000002,2.478604819986252
0.16706801539806443,552.7450000000002,2.4316000000000013,5.405401263997928
0.43549748504163566,390.52800000000013,2.4039,3.626926245529564
0.5886680798365843,268.48900000000003,3.816600000000003,3.096073148172642
0.6682361072924611,398.5750000000001,3.384900000000002,4.312731326674379
0.4037786866853482,281.428,0.8260700000000003,4.881468029784175
0.7167689904706017,357.4040000000001,3.9517000000000024,4.29526856038302
0.7436039957760726,439.46700000000027,2.5392,5.02779401090803
0.3119862927389693,408.33600000000007,3.5491700000000024,5.88230201141113
0.4234224522315637,478.6110000000003,2.611799999999999,3.905515657228384
0.36023924412506003,335.45500000000004,2.8768800000000008,3.646852752969708
0.15610077050477608,451.63300000000015,3.088300000000001,4.606499261104942
0.43813579239756517,443.89400000000023,3.5154000000000023,3.5202786929139585
0.8776589850480859,312.344,2.6311800000000014,4.7326351366516075
0.5888470957961083,491.6140000000003,1.77392,4.897661499943777
0.8046299297082126,318.38300000000004,0.81668,3.833856730464957
0.5875896443363261,358.4180000000001,-0.18470999999999682,4.721639839840134
0.27794843409512376,520.4280000000003,5.862100000000004,4.2277902891247
0.6305827554816388,308.34299999999996,5.414100000000004,4.231079139329318
0.3571217404897674,387.46900000000005,0.6665000000000009,3.7787659618380225
0.8400133385840775,348.4240000000001,3.0905000000000014,1.8584929438501572
0.5380663187554172,447.60100000000017,3.533800000000002,4.951726436767935
0.5650024101415668,409.46400000000017,0.5777999999999996,4.415043206675138
0.8519868244745439,354.39900000000017,1.3976,4.40400277917187
0.42072650994897676,529.6400000000003,4.923480000000004,4.8635827349235985
0.5460908796982641,375.58100000000024,7.0365000000000055,3.7463313404496876
0.44998691334742863,265.42600000000004,2.4038000000000004,2.5140407653584305
0.37531933365283776,641.5220000000002,3.614200000000002,6.043558427137576
0.22105579896481842,680.1700000000002,1.1783000000000026,5.492556626138316
0.7471279961395644,243.28500000000003,2.9243000000000015,4.249393097782101
0.7974295550203359,305.4180000000001,3.138600000000001,3.6805628719901
0.6012267459464946,398.78700000000003,4.653600000000003,3.290128824857172
0.16557510157763383,484.641,6.063100000000006,3.0629747441900985
0.615812083259493,442.5310000000002,5.283200000000005,3.9954415384169035
0.4514152251778869,339.3040000000001,0.23360000000000014,2.455411355678608
0.8825676433797374,278.29,3.561680000000001,2.9658496733955992
0.6429663370471049,415.5050000000002,4.306700000000004,3.6379732575037043
0.3715271316479551,418.3500000000001,4.753100000000003,3.3132657909799477
0.8068508181366875,279.37999999999994,1.9005999999999998,4.010743399709928
0.7357460273122424,268.641,2.6552000000000016,3.9321134045830313
0.7458359311727607,433.51600000000013,2.7700000000000005,6.5328401840969565
0.5987009187849124,338.4510000000001,4.801100000000005,4.173435755059803
0.21510084489807463,444.3180000000001,5.049670000000003,3.3834425395255217
0.3269049540030301,523.6990000000002,5.986820000000007,2.92090375780651
0.889112227137185,328.3680000000001,3.112800000000001,4.1765834064822815
0.22434835086243657,403.48300000000023,2.03104,3.762932020687119
0.11454278240595887,550.6190000000001,3.17652,4.535872500700987
0.7716675140950513,415.4560000000001,3.4385000000000012,3.1980896174052553
0.6569583699357013,450.60200000000026,4.773700000000003,5.180149179463402
0.11446235832101785,611.7070000000001,2.234270000000001,4.369397129481046
0.2036955003506236,296.3920000000001,3.033100000000002,4.0682534472133
0.5116337141082892,230.42099999999996,2.8508000000000013,3.3055021237892097
0.7833520833268454,337.342,2.2859000000000007,4.230758940644751
0.4154694484488684,432.90900000000016,2.3917900000000003,6.143705324780854
0.7236971440469365,269.304,1.0481999999999998,4.892289504713845
0.07461634348014322,447.92700000000013,1.3937000000000004,4.176360769792021
0.41360086498223647,465.55000000000024,2.8569800000000014,3.4028963519943707
0.6883301260863044,379.2470000000001,2.6759000000000004,3.419576319788683
0.7667007354022278,415.54400000000015,3.610920000000002,4.780425904856116
0.8189567181790005,269.36600000000004,1.8157999999999999,2.320753887530376
0.4292553023174469,515.0540000000002,5.689520000000006,3.57525535774967
0.4808544793375823,384.4400000000001,1.1710999999999994,4.1143714499881066
0.1855067804727992,579.7350000000001,3.0866000000000016,5.343736305078471
0.34312107829843674,411.4540000000001,2.6893000000000002,3.998212268492715
0.4763590499933424,398.4630000000002,2.5162000000000004,3.8169028061366097
0.3585830674938564,297.28200000000004,1.9824,4.714838356435342
0.9262904983741947,330.40700000000004,2.722100000000001,3.2228428983207476
0.14334005087444687,492.51300000000015,1.3580999999999999,4.54784609915769
0.700236851443692,235.28699999999998,0.26019999999999976,2.410784094115515
0.8311560865504158,325.286,2.6770000000000005,2.132271641105701
0.7814964082483574,315.3880000000001,4.382680000000003,5.147668961867844
0.2946261653595416,470.7230000000004,6.141620000000007,3.6067382243371187
0.4156201964137635,499.6480000000003,4.142160000000002,5.931372231123159
0.18109604605747925,454.44100000000014,2.7715700000000005,4.499238917738545
0.584114231137432,319.36100000000005,-0.08501999999999982,2.9957164553329267
0.2659747070604799,398.5230000000001,2.0288,3.250481198508817
0.3847476737195736,302.73600000000005,4.055300000000002,2.871253620432169
0.8495810603257279,261.70799999999997,3.0538000000000007,2.6421095436389734
0.7856017087991038,389.333,3.1129000000000016,2.8114039482590663
0.3691466121324614,295.335,2.3918,2.044178368442779
0.4680348973185102,455.67000000000013,6.057990000000006,5.427820944580581
0.7851392904982162,316.3640000000001,4.0759000000000025,2.2579592253947016
0.3147463557647913,424.48600000000016,2.1821200000000003,4.051599281606969
0.47333518968055505,448.61100000000016,3.2531000000000017,5.21789260022627
0.3023242565868742,507.9930000000002,7.092000000000004,3.56985241547809
0.8141676306011916,348.4950000000002,2.8459000000000003,4.253888131851832
0.8550811613433675,390.4090000000001,3.289200000000002,3.6501175326552264
0.7019360431795976,260.297,0.9277,4.066613552905414
0.5570131482858903,330.42800000000005,2.773900000000001,3.3538782889398515
0.2133746600269226,608.9360000000001,7.896200000000005,3.295177391104666
0.7111468155933767,289.33500000000004,0.27297999999999983,4.539576134322351
0.4612268493275286,382.773,4.727700000000002,4.123227566386737
0.866445078197681,271.711,3.1636000000000006,3.4197893281399026
0.36085479655614083,526.6210000000003,3.320470000000001,4.195230290641171
0.49219260393020636,504.5910000000005,3.003420000000002,4.489337353130767
0.08768931238302684,634.761,5.191840000000004,4.904255625084844
0.8777527036955752,310.44100000000003,3.814200000000003,1.7408707684489464
0.6815996889148667,399.49100000000016,3.7947200000000025,2.5480609815587485
0.6103247067414053,496.4400000000001,3.0729000000000015,4.274365385456938
0.6479401497700823,423.37,3.2852000000000023,4.587882048712494
0.4127535883637159,391.9460000000001,6.8349000000000055,2.715118683124235
0.6682011631217819,430.9800000000002,3.4410000000000016,2.9537804003608485
0.6293833716411515,440.6280000000004,5.393680000000006,3.614524862943087
0.7740179768707127,423.90400000000017,3.409900000000002,3.920011019741466
0.16685418350602466,354.3190000000001,-0.4804999999999988,3.2761672329526617
0.3241814768421075,575.6450000000002,5.957190000000005,4.491647153727106
0.5078772975090278,111.14399999999998,1.59986,2.4026292094357977
0.9106729929758358,317.39200000000005,3.1411000000000016,2.7004369798141923
0.869134960288789,366.4280000000001,3.231980000000002,3.969577525900938
0.6909537028639009,321.286,1.85562,3.279461429778568
0.5062197667293471,392.42500000000007,5.0259000000000045,2.858067284922404
0.5664645745829027,412.5150000000002,2.6378000000000013,4.05177238804498
0.7104485975301845,409.48600000000016,2.6399999999999997,4.379559279814329
0.185737525278177,526.3900000000002,4.871770000000003,4.997646902393238
0.4446934364060925,357.668,5.087200000000003,3.022126049795901
0.3108647696186072,471.3200000000001,3.9548200000000033,3.483059931828816
0.6547912855320261,360.52200000000016,5.954100000000005,3.371408484458943
0.2084347413549627,536.1010000000002,6.235800000000006,5.07964616938521
0.6696508281530648,424.95000000000033,3.132500000000001,3.839809933985137
0.6071861595261079,513.4690000000002,3.8000000000000025,5.352406401377206
0.8208891412306969,303.35800000000006,2.0764,2.486805243042836
0.0767204326446766,688.866,5.276100000000005,4.10941201610044
0.4251744083946431,355.4860000000001,2.378,3.1272988201329905
0.8418913897293836,337.4670000000002,3.815800000000002,2.7728927686344633
0.47267401689540134,480.6130000000004,3.9471500000000033,6.137219518786114
0.6388497468526737,442.5370000000001,4.4882000000000035,6.466406910625893
0.35208351950126404,427.5410000000002,4.817720000000005,2.977578151981506
0.41148892281814814,331.39400000000006,0.340380000000001,3.3158091871462716
0.5361895089290643,320.41200000000003,2.20387,3.885366991908745
0.5154718537611345,387.402,4.182200000000003,3.774459801988149
0.7703167219186555,327.374,4.978600000000005,4.335035648665034
0.426908759453182,369.4690000000001,2.02918,7.0094077776966515
0.5525569219160988,333.432,0.3993000000000018,3.563353509294437
0.7211255736683291,297.33000000000004,0.7055000000000003,3.1006389841099438
0.8225156343427752,414.86800000000005,2.4202000000000004,4.474098172521468
0.6001252838851475,387.7730000000001,3.350880000000001,3.552427001339061
0.3144976769150796,578.714,4.143380000000002,5.420292435527018
0.644420555455274,482.5620000000003,1.6600799999999998,3.0688861762775215
0.4250549667104661,332.3890000000001,1.4817,4.3009646250448395
0.5875789545142008,280.303,0.5208000000000003,3.7784313198669617
0.21167547674694562,486.5750000000003,3.9192000000000027,4.112250701699265
0.46984348159043826,455.58700000000016,0.7984000000000004,3.4009982910955427
0.27604817883261634,568.0450000000003,6.311000000000006,5.79587656306629
0.29087701492778645,596.6350000000002,7.782700000000007,4.729163339212894
0.4604108509470454,468.58700000000016,2.659600000000001,4.462495024928128
0.1861924310630314,566.1080000000003,5.949280000000004,3.6753674354182913
0.7412100163282702,400.52300000000025,2.927600000000001,3.653458102330694
0.41233971934727764,391.36500000000007,1.8453000000000002,3.5620364881538107
0.21451463348060806,380.44400000000013,3.817720000000003,3.385763313893433
0.6005741939173727,416.90900000000016,3.500700000000002,2.995816329155044
0.811461577172495,305.33700000000005,3.347900000000002,3.7157240656126485
0.30340077700977613,411.0300000000001,5.735600000000005,1.9945545532096691
0.7361473588214237,353.4120000000001,5.226600000000004,3.193046898370544
0.4317722352525816,438.42800000000005,6.770700000000003,3.2518134752784382
0.5855144803245912,397.5190000000001,5.945900000000005,4.4510086208353385
0.8421117165249209,295.34499999999997,1.3508999999999998,2.4331027896783635
0.5026612728098957,416.2510000000002,6.931000000000004,2.5174294894636606
0.6534802074139776,307.394,1.6152999999999995,3.3405346279083066
0.9145838941423525,316.3760000000001,3.7120000000000024,2.354240871874932
0.4475944322199272,435.5750000000001,1.7626999999999997,5.791323795678798
0.6461449859648357,383.451,4.541150000000004,4.143366097991813
0.8173965003929732,332.3670000000001,0.5288799999999998,6.970665064488374
0.4864495989247486,230.27100000000002,2.3116000000000003,3.464276314964575
0.4318096101557525,453.5830000000001,5.298600000000005,2.5050143205869766
0.3704113888239098,479.52300000000025,5.930100000000006,4.439351042656881
0.5340401172018726,460.3960000000002,2.683600000000001,3.410315385426955
0.28971808639221597,392.5230000000001,4.007590000000003,3.7361592012317937
0.1941402209249592,378.51700000000005,3.403570000000002,2.8512723169064884
0.27582000583620386,346.3430000000001,0.6002700000000001,3.70377584555754
0.7230712133111739,310.35300000000007,3.1114000000000015,3.68198063835845
0.3875630668120395,373.4790000000001,0.7215999999999996,3.4286367075491455
0.6801623628624985,403.4420000000001,3.8656200000000025,4.237463535000634
0.48737490842855397,372.50899999999996,5.073400000000004,2.343915116994026
0.7344209444427668,395.25300000000004,3.6149000000000022,2.0918768143939523
0.8321154015417355,274.36400000000003,2.383800000000001,3.0002472639229065
0.46382298033980646,459.63000000000034,7.464620000000008,5.82632969370089
0.5530376876729438,483.5900000000003,4.1973800000000026,6.109338573097485
0.6623777539152895,418.4440000000001,2.325799999999999,3.8266406141373475
0.6116243247415905,482.3930000000002,2.3597,5.140362322201574
0.7684343109113181,328.37600000000015,1.9818999999999998,5.315892111704313
0.7419897576399423,402.52200000000016,2.24249,4.542044000805346
0.8971579094943156,306.325,2.1448799999999997,3.412289423323484
0.6434018148287924,175.18699999999998,1.76948,1.8328309588000344
0.33353375799575397,493.4700000000001,6.055890000000002,4.190323139712404
0.257518063853087,421.61000000000007,4.447100000000004,2.8060605711997297
0.3022856503524711,380.38700000000006,5.698320000000003,3.207941027925199
0.6941597780709308,440.4470000000001,2.4320000000000004,3.7401575865390946
0.8851915713615641,369.8520000000001,2.7646000000000006,3.8026508102258036
0.3365904175908066,436.53300000000024,5.3256800000000055,4.701492185662341
0.5924989550092484,398.45400000000006,4.868190000000004,3.4995070578077456
0.5577705818574332,450.4720000000002,3.3401000000000014,2.809134430382109
0.7752902530512328,307.357,2.3174,2.2867964163304766
0.7702511678536813,299.326,2.9838000000000013,2.1785013791647785
0.36718612893920755,329.4290000000001,2.3039,4.343793974157267
0.6233590053201196,430.95500000000015,5.274400000000004,4.314252702049435
0.5723015738316586,249.222,0.10149999999999942,3.1994996586067206
0.6898910138759552,450.6240000000003,4.752690000000005,4.468106845218461
0.7311999523968765,287.38800000000003,2.3245999999999993,5.507040581297952
0.5709208040111113,370.8360000000001,5.042700000000004,2.6582550611892337
0.10698816923884186,546.6720000000004,3.949740000000002,4.696457207353823
0.669046094239158,391.39700000000005,3.189300000000001,3.7216803257277515
0.471938943883021,503.5740000000003,5.405800000000005,4.230627705592484
0.30748040337836224,458.3890000000001,3.6686000000000014,3.71380552228562
0.33331719921755637,403.52900000000005,6.125800000000006,3.8124308204283492
0.5767526249541015,313.33700000000005,1.2780999999999996,3.362689595459041
0.3179994460855987,431.5000000000001,3.7985000000000015,4.580023125970381
0.20840465650416085,518.952,3.281970000000002,7.179442714155292
0.1948406556147017,345.4150000000001,1.5836999999999997,4.665843567217069
0.3514439176996075,459.32000000000016,3.950400000000003,2.8935591240467993
0.6865204262607225,277.347,2.0634,4.267068203180823
0.3632599563599538,466.5340000000004,3.038400000000002,3.835583388107887
0.8536460245579002,309.793,3.9834000000000023,3.4276065036734336
0.44797360625290744,341.463,2.449,4.254614697715104
0.17275117711989987,524.6430000000004,2.5306800000000003,3.6213515304185133
0.6538676888752409,320.78400000000005,2.067700000000001,3.897803357186757
0.7833215588508204,403.26500000000004,4.268100000000003,3.150194093706153
0.5082928439045271,412.6020000000002,7.483700000000007,4.089053677084123
0.47588438118746795,323.77599999999995,2.787300000000001,2.432263331966075
0.4751332829831595,455.32000000000016,2.47818,4.061441346453407
0.7555433579638858,406.96400000000006,4.331400000000004,4.836944989761571
0.33509641492461023,404.8370000000003,2.27018,5.1811294190008255
0.4754716918515547,338.41100000000006,2.746500000000001,3.6832598076052143
0.7381598682172068,435.52400000000034,2.3042,5.344878354813224
0.81776298945183,375.2710000000001,3.785800000000002,2.8367257787555307
0.20993532492368602,565.6720000000003,3.5187700000000017,5.355107097051748
0.584245658405016,445.304,2.951900000000001,3.458722808082996
0.4475452468062313,376.52500000000015,1.8479,4.222213811635127
0.43636934876037475,399.49000000000007,5.555000000000005,3.6465813476893807
0.8015138688552395,330.78999999999996,4.424580000000003,3.16072486912768
0.6528116106280347,368.4800000000001,5.160720000000005,3.0587143679272373
0.3283267788234943,405.5030000000001,0.13330000000000136,5.33532699899588
0.14525959102134922,647.4630000000002,3.4903200000000014,4.676225679693724
0.5679448624252859,415.4450000000001,4.432400000000004,5.603798045154253
0.38792587020915403,577.6880000000001,5.9248000000000065,7.371118064025529
0.6867268868238878,385.4410000000001,2.962900000000001,3.564862263526611
0.5947853202548533,390.54900000000015,3.181680000000002,4.992907108068031
0.685304885903565,340.41200000000003,1.2519999999999993,4.580847523261025
0.6509677471152145,432.5390000000001,4.794800000000005,4.168190731221451
0.5203961113033401,433.5650000000002,4.505790000000004,5.2011116888460585
0.7189875235732527,442.5380000000003,5.081000000000005,6.204931652171615
0.45178655248487654,403.4860000000002,1.9827699999999993,3.0042737552412593
0.671711754017601,338.29400000000004,2.3820000000000006,2.958271821225397
0.19274677220114672,479.03700000000015,6.495990000000007,4.666197330797813
0.2154265349677447,525.0380000000001,4.329600000000003,4.63053314496626
0.5098337524141185,241.29499999999996,-0.3002999999999987,3.6345015676535324
0.8399239456181127,338.81600000000003,1.7148999999999992,2.1967817875008198
0.3954585548364747,384.41500000000013,1.2419699999999996,3.627708421001514
0.3770431567116369,570.7470000000001,2.3521,6.020948590232589
0.35620524556284067,441.5140000000001,-2.750999999999994,4.724134395965276
0.4922277006145408,423.9190000000002,5.060680000000005,3.897401996539096
0.5671767379073511,442.3430000000001,4.022700000000003,4.9857644167837565
0.6272728815286553,378.4940000000001,1.9355,3.1078280142265697
0.789932411815075,335.85600000000017,4.031500000000004,2.3058156648790646
0.7657191877299193,301.233,1.956,2.1788197001880167
0.641525656125872,267.416,5.344800000000005,2.704599196201155
0.3424125022807225,487.60000000000036,3.842290000000003,5.188300424922147
0.3842937668371237,440.3660000000001,6.429600000000004,2.771093594205654
0.7555568463660968,399.487,5.148720000000004,4.15119255119758
0.3034286052325428,499.68000000000023,6.823480000000008,4.2930946478382825
0.6942010872642495,358.2900000000001,5.163800000000003,2.195794821206608
0.29632388000721815,536.0550000000003,5.986620000000006,4.362841095091952
0.512689846559101,547.6180000000002,5.097200000000004,5.101140629507203
0.26771563034136475,623.0360000000002,6.479420000000006,4.343343973062288
0.6525143430364628,455.4610000000002,3.6979000000000024,3.5627989132059827
0.15450424766609924,653.5780000000001,2.885700000000001,4.1819667230374025
0.2828940619478823,355.7850000000001,2.2810499999999996,2.6969676241365086
0.36884943938981013,548.7330000000003,2.9605900000000007,5.605216834917286
0.6041351564860463,344.4400000000001,1.7045,3.6694062305634443
0.6361847572133529,398.442,2.0596999999999994,5.6373477307851445
0.3179559430848257,387.4610000000001,2.260020000000001,4.087967192607254
0.6871680246481202,327.47200000000004,2.5207000000000006,3.4593113286244837
0.11340159138752805,484.58500000000026,1.9220999999999997,4.119168104317961
0.7243699043690369,221.29999999999998,2.522800000000001,3.7013823215021784
0.2319937811544171,548.7340000000002,4.225420000000002,5.424436742121311
0.47994922546566027,311.36,3.710420000000002,3.343281031715092
0.6861173379482277,317.3880000000001,4.455140000000003,2.6573212081231983
0.8444483520394493,255.32099999999997,1.3453999999999997,2.5023058605977226
0.6669672541439082,318.339,1.4968999999999997,3.3468241395837435
0.8593094776832993,336.4430000000001,1.63444,2.642187774638181
0.4451432710477408,468.57900000000035,2.697020000000001,4.7140684335426215
0.4269167145079382,439.6880000000002,6.262500000000006,4.250243619560225
0.5752142312831698,409.4940000000001,0.9773500000000013,4.435654111228492
0.22372800668864917,520.6510000000003,5.177800000000004,3.31428303440698
0.905045322434037,285.18100000000004,4.113800000000003,2.0509350974219114
0.9251940617718616,293.775,2.6754000000000016,3.5420339839686346
0.8849511969851902,371.46200000000016,2.5961000000000007,3.9432133806139635
0.3492160023484194,442.6060000000001,5.168300000000005,4.465554712523522
0.727533996816012,410.4650000000001,4.081000000000003,3.890692864102732
0.4115810217944295,417.908,5.358400000000005,4.017305795785973
0.34698120930904236,466.55700000000036,3.7610000000000037,2.8551420029410703
0.6460051960358872,316.40900000000005,2.4627999999999997,3.4967889118946136
0.6109056369242487,380.4910000000001,5.437500000000005,3.1908297118975977
0.4894734123884828,379.367,0.8818000000000004,6.611608171701341
0.36722607498636134,430.57700000000017,5.453200000000004,3.2606024266956695
0.8362264528222466,253.28500000000003,1.7393299999999998,4.177761764037339
0.5045141494009248,377.45200000000017,3.676520000000001,3.100620397632479
0.3721614687841777,404.30100000000004,3.696670000000003,2.896102075198346
0.8489095422779314,319.36400000000003,3.118620000000001,2.7302093926187805
0.29135154476332514,343.8180000000001,1.9051999999999998,4.469485874909376
0.760220933970892,334.394,3.568800000000002,2.7684473900227964
0.2028180824060834,547.8510000000003,8.029520000000005,3.2852954553870077
0.5724745221144752,453.58300000000014,5.022820000000004,4.77074710251936
0.44821936066739165,291.42400000000004,2.4463999999999997,5.543350734442664
0.41835264424262897,422.40700000000027,3.2125000000000012,3.9832482587301206
0.43092169009428466,304.30199999999996,0.06707999999999953,3.8141305895184736
0.43501501824379396,447.5350000000002,3.922900000000003,3.110074801933038
0.38743527983097453,433.9990000000002,4.559620000000004,3.79833644431689
0.3916242285980298,455.91700000000014,5.2824000000000035,3.1521309671614492
0.5832610430832554,420.2860000000001,3.9474700000000027,3.4372697423614476
0.6724526801318095,388.4420000000002,4.831620000000003,2.737412292718618
0.3818320961578389,573.2980000000001,7.072180000000005,4.2269364041289865
0.15412208202388464,385.29499999999996,4.855370000000003,5.098441529592773
0.47448402239199605,440.5800000000003,5.676370000000005,4.880668910228105
0.8379679536803812,269.27,2.8849,2.2225368970803956
0.48440223746394384,321.329,0.2446800000000003,4.039158213574684
0.7237398260762159,347.43300000000005,2.3683000000000005,4.968661000618675
0.1559101003315807,506.92200000000025,0.06149000000000143,4.632837757612378
0.8119488182753549,391.334,4.192700000000003,3.9048050816554305
0.7942908875508574,359.4060000000001,1.1503799999999997,5.062178400533147
0.6215085775978187,353.40700000000004,2.848220000000001,3.0303849306511808
0.663572931601277,224.691,2.4595000000000002,4.097962349573148
0.6964192698330673,387.7890000000001,3.9912000000000027,3.559594098844559
0.34447505899440545,438.52700000000016,4.995700000000004,3.0840088487288098
0.619872897990515,204.233,0.7036,4.764817658254744
0.8025090961048378,339.439,2.4728200000000005,2.6911472741289693
0.6517513368336709,474.9680000000005,3.9596000000000027,3.68223479539812
0.34027131097828867,426.6010000000003,3.5299000000000023,4.202825440906546
0.7741613206168388,256.18299999999994,2.2588999999999997,4.178605555271762
0.4015081531125656,280.36799999999994,1.3826999999999998,2.767326051801694
0.7891732416202657,308.38900000000007,1.4681,4.222242843893193
0.4302352617869539,501.6900000000002,6.899800000000008,5.776308547220939
0.10804117761402679,578.1349999999999,2.6643,3.9868448497475875
0.5539819094956777,348.398,4.257800000000003,2.670893625327796
0.7352059406804229,401.40100000000007,3.5697800000000024,4.303386942655761
0.9295125631787858,314.364,3.3179800000000013,4.477231010966397
0.4065017240558588,434.90300000000013,3.6670000000000016,4.631648517295085
0.7911591453529712,367.87300000000005,4.265000000000003,2.53327840884603
0.4531018109350164,377.3340000000001,1.5896999999999997,2.685698828575253
0.7097119380597003,384.40800000000013,3.511210000000002,3.0317119677395867
0.395189561260591,425.8910000000002,5.861920000000003,2.995191498801539
0.36027049364598673,512.1380000000004,6.447800000000007,2.896950507876948
0.25956175588638947,656.7380000000002,1.5167900000000012,6.578535875998144
0.8151151490148552,361.5310000000002,3.4659900000000023,4.571441692450729
0.7555331154429922,341.45500000000004,5.162000000000004,4.2900621192532675
0.7438071697866819,402.4780000000001,3.1660900000000014,4.161756998762445
0.24862852577148017,465.5780000000002,2.6447700000000003,5.273227526083439
0.8932000462618424,241.29000000000002,2.6252000000000013,1.2439695680037506
0.4656295365230581,98.149,0.39809999999999984,4.001140070040563
0.5495430356260843,525.6570000000003,3.7645000000000026,6.624464917654939
0.5919187256758043,285.2900000000001,3.1888000000000014,3.9266584109801386
0.7245350569671161,294.30300000000005,1.41388,5.326239970392679
0.46383424400021867,580.5600000000001,1.9759999999999995,5.637626976685137
0.6950368129731697,406.5660000000001,5.572060000000006,6.514061202863183
0.06012295557609709,603.7190000000002,5.2918100000000035,4.345043975115162
0.3431329369101135,394.33200000000005,1.4294,5.064113147227591
0.3365096000962017,237.67,3.361500000000002,3.545157566257423
0.4558425989432002,414.5130000000001,3.437700000000002,4.523579287060392
0.7321655417977896,356.769,2.930300000000001,2.294957195006546
0.446150278564302,346.51500000000016,4.171000000000003,4.695259356037338
0.45122662253095275,396.45100000000014,2.5613200000000003,3.9225013257739176
0.8791265000237705,300.337,2.2598000000000003,2.6173727897214363
0.32292295461816733,572.964,6.967200000000007,4.274280714045455
0.4451620044326939,481.9870000000002,6.6127000000000065,3.468698225685255
0.6379930463402879,349.409,3.8053000000000017,1.8271347526215553
0.19530905583839278,407.51800000000003,3.1243700000000008,2.9809251316392906
0.8457828620359372,282.26499999999993,3.2894000000000014,2.910887822354752
0.17900230832674488,559.7150000000003,2.3228999999999997,5.024401552699509
0.6570839677676444,441.0190000000003,5.598000000000005,3.173762865279924
0.8511042684807799,223.341,3.3462200000000015,2.269472706045944
0.825134271241187,337.822,4.4440000000000035,3.9076425957542344
0.5803162583697818,317.30100000000004,0.3890899999999993,4.502101738123962
0.8965719241835887,268.675,2.748500000000001,3.330175419988196
0.36123111198875363,652.7480000000003,5.510300000000004,6.315489548382289
0.19185072181240426,437.50400000000025,0.4691000000000008,4.301691694126791
0.4214388785930587,394.43100000000015,2.4257,3.384894821708876
0.3277729513006211,585.7450000000003,5.325900000000005,4.859938313976491
0.7621569748794278,344.75800000000004,1.1369999999999996,3.0347730754832307
0.36423385330629676,429.87,4.464900000000003,3.2027218385944316
0.3456788407306467,502.1900000000001,6.648080000000004,3.183671641105702
0.7851214802503795,229.327,2.4891000000000005,2.1489369115108854
0.6308507792275556,423.49400000000014,2.685600000000001,2.8127366571725805
0.1479746414361363,334.373,0.4593000000000004,4.102331579998429
0.4154029217376951,469.5890000000002,3.9925200000000016,3.8200227281142816
0.24341299704299807,358.8690000000001,2.7131000000000007,4.327570629459415
0.4046152304970223,428.0050000000003,5.080100000000005,4.2326192141600405
0.5353161466758826,371.8470000000001,4.217670000000003,3.938236558070729
0.17821717780004878,490.5190000000002,4.006170000000003,4.69252590106974
0.7902726337273974,363.5020000000002,4.076100000000002,3.9301921666340807
0.4152030959834703,466.9440000000001,4.480300000000003,4.674503527119443
0.7009471393192687,383.8970000000002,3.361500000000002,2.1953074234676127
0.3773359882749875,329.8280000000002,2.758870000000001,3.4132762871794293
0.6185897138844226,418.4650000000001,2.4786,5.454609887229454
0.4120334664515962,336.38599999999997,2.9507800000000017,3.9022058049793067
0.2976890081073562,268.361,0.31979999999999986,4.968496102981696
0.8406907907850872,309.35099999999994,0.7819999999999998,3.1768991059302785
0.7907101184094335,252.197,1.3808,2.473357341219545
0.12807648366539315,563.6980000000002,3.264970000000001,2.7918669558978113
0.6426559908814772,336.43500000000006,4.175270000000002,4.884182869968947
0.5986467355615067,403.3790000000001,4.291100000000003,4.332486471208112
0.4272413298373871,392.5070000000001,2.4759,3.6766797566860614
0.7102753748220152,409.4210000000001,3.4643000000000015,4.680035304926059
0.35145778949100814,428.52300000000014,6.370620000000006,3.1236518550226506
0.2106185587148809,684.1720000000001,0.7409000000000037,5.570127473974208
0.7351830068072932,424.497,3.555600000000002,5.649201673441265
0.396530636435732,325.354,4.284370000000004,4.389137471816443
0.34090377356997026,427.4860000000002,0.773099999999999,2.9587247959652405
0.18941696189190957,340.43900000000014,3.6365000000000025,3.8178335251438646
0.30366409663245225,550.6600000000002,0.8909000000000022,3.9531196730618383
0.3544021821728049,422.5080000000002,3.4492800000000026,5.567411553783946
0.09015436602876084,681.7739999999998,5.620120000000005,4.754399860486222
0.7306702541936412,383.8530000000001,2.921800000000001,2.3786579860257664
0.07828552004080211,668.8890000000001,7.277700000000007,4.5824228320730525
0.44504560621312295,519.6460000000001,4.166700000000002,6.11986556913612
0.17739480266954194,502.5760000000003,0.07270000000000426,4.2157705876224805
0.7909192355288844,293.37,3.901500000000003,4.012233158875345
0.24041092456358515,310.46599999999995,0.5905600000000035,4.066785825890653
0.43710068322030293,359.40400000000017,-1.284599999999997,3.766968742042244
0.4569883212423059,358.4150000000001,4.013400000000002,2.506057829583236
0.6098569343643475,391.42700000000013,2.6931000000000016,3.573594940282952
0.4187734185427871,387.5270000000001,6.381600000000006,2.4024020583746495
0.5621453269496062,469.58900000000017,4.340200000000003,3.7842293816549155
0.19470847602662383,358.324,0.64818,5.338821134015907
0.35522646481122117,520.6530000000001,4.737800000000004,4.5702377557549
0.41191627550336246,532.5120000000003,3.0947200000000015,3.230475564998045
0.6512637583161728,256.28,3.3572700000000024,3.7832864260419994
0.8969722714781134,348.4750000000001,4.033000000000003,4.534823122064816
0.4847150260280964,108.1,0.30476000000000003,5.466960504227963
0.6442725834141334,357.4100000000001,3.161500000000001,3.376204333538504
0.21198129532118706,278.33099999999996,2.74467,5.282184621302369
0.7878651174323364,393.5020000000002,4.787690000000004,4.4100681110146605
0.8246452596383148,359.7560000000001,4.204380000000002,2.235968308953982
0.6163574428107039,453.87800000000027,5.020600000000004,5.159966889881048
0.5392892849527385,463.9610000000001,2.72309,5.529041742395936
0.4025107990803147,559.6779999999999,5.200300000000004,5.508266192775869
0.8288167764856358,360.4740000000003,4.057790000000003,5.222019111914392
0.33893130627260293,574.6960000000004,1.8100800000000006,7.811250620020269
0.5851262476550868,405.5020000000002,1.9778,3.830269314848401
0.15596272924850388,614.7240000000003,5.096900000000004,3.3546582468971957
0.7223287251916867,320.816,4.375200000000004,2.3106066478863347
0.5610137683494543,428.29400000000015,5.568800000000005,4.1436704526362975
0.12669934486827925,483.59000000000015,3.8988700000000014,3.9647206957321277
0.24081763433937053,508.5940000000002,3.5043000000000024,4.5930361375451465
0.7156640052731428,370.4050000000001,3.878800000000002,1.64748395931813
0.24105795403352026,359.3590000000001,0.14958999999999972,4.670178951832453
0.5095682807479519,363.33900000000006,3.2546000000000017,4.354147380613963
0.6978467813935378,480.92700000000025,4.337170000000003,5.934890479131848
0.3946072760999108,315.42100000000005,2.1096,3.551953059687121
0.8142373940610165,343.39799999999997,4.484600000000004,2.0091910355077456
0.5622860271399651,406.5290000000001,3.1312000000000015,3.5758111689386123
0.37550777901066423,405.47600000000017,2.3202,4.789511836452695
0.0866372989573861,589.6520000000003,5.587060000000005,3.8183197091585814
0.6542889655484583,444.5720000000002,4.171820000000004,5.170720491510917
0.2241824701889053,554.1330000000002,4.332800000000002,3.0786935438689493
0.7429459324728269,289.4000000000001,3.395900000000002,3.897174416081093
0.5269658094687333,500.5520000000002,3.670700000000002,3.296549749093302
0.6702676807295039,313.423,1.755,2.3726770557239973
0.28338740980419325,586.5830000000003,6.628800000000005,4.00953434012078
0.5172355822190311,459.53500000000014,2.999950000000003,4.860924312716824
0.2609894523831352,349.77200000000016,4.336400000000003,3.6750562762471706
0.7474774339331993,353.42600000000016,1.5822199999999997,4.244816347947998
0.8919868780297433,345.83000000000004,2.5681000000000003,3.4635813598592105
0.1723979962325355,563.1630000000004,8.143400000000007,6.019612764746595
0.5200951067020009,440.92400000000026,3.466400000000003,3.783727908666494
0.45894522273163957,508.03700000000026,5.560600000000005,5.144297526349991
0.5664351207924628,299.30699999999996,1.4539999999999997,4.52773140579076
0.6000904632613299,480.39500000000027,5.157100000000004,3.9185485637550563
0.20327565048311477,338.34100000000007,2.1356,3.0849519317827667
0.7920142436574389,300.156,1.6697,3.7276219604522227
0.4768540276629218,363.49800000000016,4.545600000000004,3.6607973840190784
0.28900229195225974,360.37800000000004,-0.6832299999999996,5.0613402526907105
0.6994644221403604,361.53400000000016,1.7517000000000014,3.102291253744453
0.9033550699167762,320.40000000000003,1.9296999999999997,3.6587276182172426
0.3772582270504305,591.0340000000002,4.066500000000001,4.708926458519026
0.7461365416209235,356.79200000000014,3.9165000000000028,3.5806946917113853
0.30318858727087716,555.6590000000002,0.7692700000000039,6.704614649726512
0.6012463891712873,264.32099999999997,3.962900000000002,1.9649308106072993
0.12130020784948253,429.4520000000001,2.0251999999999994,3.675569207437677
0.8011413686541025,253.367,1.6176,4.536737255314916
0.7375084472973097,365.49200000000013,5.136840000000005,3.946400314526784
0.5924437379295958,343.4120000000001,2.5108800000000002,3.5378730754832315
0.41598520330618005,424.5450000000003,3.8220000000000027,3.8745037036023966
0.21910315113260928,385.45000000000005,-0.6318299999999968,5.630191860988186
0.29169235586455516,590.7440000000003,5.7961900000000055,4.726160007339615
0.2251342886217561,657.5950000000001,6.338390000000005,5.766300002789022
0.6333402631158812,443.5530000000001,1.5879700000000003,6.227837289739904
0.6090548154448201,429.95100000000014,3.3271000000000015,5.548132987843745
0.29129476440298346,467.0090000000001,5.844900000000005,3.3617471932405554
0.8565949871368005,227.26700000000002,2.902700000000001,2.681846883529147
0.2752665924913242,433.53200000000015,4.688890000000004,5.243408733910829
0.5400891812519485,375.4540000000002,0.15500000000000125,2.968761017090962
0.12218624772753246,479.6430000000003,1.9072000000000002,6.151605806569436
0.3008205667670482,426.49800000000016,2.8720200000000005,3.621672708053154
0.629113484445812,428.4950000000002,4.486900000000004,3.6960778213243914
0.7009907785474829,375.4720000000001,3.374900000000001,3.885765243505273
0.6782034691105437,377.4150000000001,4.149220000000002,2.6458807912170528
0.6711869098218163,191.299,2.9087000000000014,3.635011427996792
0.34517094630605993,407.5320000000002,4.057700000000003,3.0448444033132773
0.5642033343847168,370.5120000000001,5.244400000000006,2.13912790925769
0.5506520564496423,422.87600000000015,1.8348599999999997,4.3475771036575495
0.6621204646608426,419.5060000000002,4.639320000000004,4.484789934498572
0.6398930762193994,518.0170000000004,3.0788800000000016,5.663910712798383
0.6624031279081865,337.319,3.0309000000000017,3.305256248433441
0.44297573348278807,378.2550000000001,4.864500000000004,2.3194552495545686
0.11420583167270654,453.5180000000002,2.2972,4.673832220955552
0.08967086152479045,614.6750000000002,4.538420000000002,3.833098847075741
0.5938526350690464,460.48600000000016,4.159780000000003,3.6284424759974616
0.8835900966624342,327.35900000000004,3.6221000000000028,3.824218454094897
0.8231762296875895,312.2699999999999,3.3138000000000014,3.4503664845511954
0.5364562752382005,348.3359999999999,4.908300000000003,3.1151600507335537
0.2963151016475946,547.7160000000005,3.9148000000000023,4.368067890056836
0.779540981934148,279.36800000000005,4.0226000000000015,4.945011825893587
0.5646293240661399,457.46000000000015,5.401780000000003,5.185460703649489
0.8306716533268489,260.268,2.5912000000000006,1.6489181742937475
0.3682502839743646,434.5360000000002,4.905900000000004,3.2840871861829193
0.0778192261377658,596.5990000000002,2.802380000000001,4.85501542723129
0.7471527124970204,231.38299999999992,3.667500000000003,1.599332427994403
0.6635287603550075,399.45400000000024,-0.6632999999999993,3.2627797528988562
0.7710786476748477,329.36300000000006,2.5942000000000007,3.0820169326423397
0.24424239070327722,495.06700000000035,4.787220000000004,4.932298358474199
0.8051110994100836,372.41100000000006,3.200890000000002,4.704367280279515
0.5096975346764046,454.5480000000002,4.550400000000004,3.031713214352459
0.09933460846711878,438.5230000000002,2.958700000000001,3.898068590480226
0.6799139735904087,444.3570000000001,3.5493000000000015,4.512235373161128
0.229801362821037,389.32600000000014,6.187100000000005,2.5718756433098147
0.45557296161257793,290.327,-0.11689999999999956,3.903983979487121
0.7156612759586605,371.4770000000002,4.056600000000003,3.785489994295842
0.6425730291975861,315.348,3.0561000000000016,1.7789446680787275
0.7705733761092063,360.4970000000001,4.506490000000003,3.3619483664947163
0.36719714651372437,443.6760000000003,5.030980000000005,4.981255870405786
0.5462843013234987,425.51200000000017,1.5457199999999998,5.939631383902653
0.450063747413541,523.9980000000003,5.1067000000000045,4.396435838523254
0.2628767177994573,395.46200000000005,2.4161900000000003,5.4267055397269495
0.4841910162936641,480.4900000000001,4.3080000000000025,4.510454590949229
0.573901614646531,359.2310000000001,5.3975000000000035,2.9265879879365073
0.46239673637685963,473.68700000000024,2.2905400000000014,5.897951277667063
0.45184310601649674,401.42200000000014,3.503400000000002,3.8852669068775842
0.39149119193869225,452.51400000000024,4.641320000000005,3.439761086419299
0.5462594193715926,490.02600000000024,5.521200000000005,7.399643154690269
0.42188715468934324,359.2030000000001,4.7752000000000026,3.3038529941276806
0.5005246791865832,416.50000000000017,4.730270000000003,5.306688799685626
0.48545446221125627,446.34500000000025,5.276900000000005,2.58649235235497
0.41330827751929683,404.4080000000001,0.8101,5.151765053451843
0.6933254321353433,245.282,1.1114,3.777910352114894
0.4280219524531256,452.3520000000001,5.034980000000004,3.9775785031256516
0.7040334739539253,245.27799999999996,2.0896999999999997,3.7691538875303756
0.18737345472988037,505.9430000000002,5.732500000000005,3.810547745953583
0.12017783901894896,462.5260000000002,-0.6423999999999959,4.7157849725284695
0.6279710663761193,355.279,5.915400000000004,3.746647613478121
0.315972137995497,604.8190000000003,7.563910000000009,6.316579164457524
0.6981890298473671,437.95100000000025,4.658090000000004,5.246379762375085
0.4955309076237472,493.99100000000016,6.037800000000006,3.9555260669694565
0.6970477155151651,168.16699999999997,2.14074,1.8568289063209882
0.7329602035548798,360.461,4.507100000000003,3.598789698101757
0.2462860845278817,404.3870000000001,-1.0958299999999994,5.568522095254877
0.31110197458875355,446.4840000000004,1.8884199999999989,3.8839642083023307
0.5337994695561288,398.4670000000002,1.9211999999999996,3.229594042400346
0.8918506713940088,344.4990000000002,3.1858000000000013,2.632231230172925
0.37442109431613746,502.70800000000054,1.8263000000000038,4.564192078785215
0.7647275874130943,236.31799999999998,3.8740200000000033,3.5247801318742678
0.32623204873044964,441.9590000000001,2.2943,5.0761772194464205
0.6265763440456443,411.9100000000001,5.208720000000004,3.1886771540435612
0.6332214226026608,352.4380000000001,2.01442,2.8803810324588888
0.4012148406150067,446.55100000000016,4.768400000000004,3.51676886863871
0.575833554926526,185.223,2.2428,2.7677135071091943
0.7915039817417732,277.75100000000003,2.5003000000000006,3.7812423132297086
0.18270099168314413,465.4850000000002,2.50748,3.297310388658696
0.8715452232111686,339.39100000000013,3.528900000000002,3.133991391682306
0.6638898468570261,371.47700000000003,2.715700000000001,3.1156336777205524
0.7242912453144967,414.47700000000026,2.5336,4.440970334174367
0.4627832820003032,315.34800000000007,3.7283700000000017,5.411447453274089
0.4863783091688643,465.55400000000026,2.6344000000000003,6.101186424545135
0.4499125895097304,405.5440000000001,5.658600000000004,2.276589721022887
0.4578428292779682,492.51100000000037,4.976400000000004,6.915794071266464
0.24215483148210015,379.4620000000001,1.32594,5.461613962830005
0.2866041897926636,485.5230000000002,2.40397,4.839121169854055
0.6794024559900572,232.283,1.8655,5.961657922521883
0.4596283570501831,392.52900000000017,1.1265000000000005,6.056397784138454
0.3890253368472149,479.8860000000002,6.592000000000003,3.1567942402351763
0.7324001990468831,393.67600000000004,2.1795,4.569848438298787
0.6184810261213531,383.9400000000001,4.178990000000002,4.7767730343667045
0.406220754861774,360.37400000000014,1.1564699999999999,3.6233487729199307
0.44256023304869024,512.4870000000002,5.9337000000000035,3.4840964467739095
0.8580284153421371,291.42,2.3284000000000002,2.794592492684423
0.4394898209302599,338.791,2.579300000000001,3.710956646422966
0.4242670549174987,461.97500000000025,1.4703800000000007,3.1179370688135215
0.6967413192303614,362.351,4.606900000000003,2.4035962254303964
0.3755557254412633,413.4090000000001,2.1559800000000005,5.102010227873664
0.7459869421333362,373.4130000000001,2.5102199999999995,3.179879226028466
0.5090194162968912,347.786,3.3027900000000017,3.507330706087921
0.42109325975505557,418.8590000000001,5.932000000000003,2.111509046000789
0.6978981341652756,300.357,4.869900000000004,1.7342272586225125
0.5824002528474744,400.8900000000001,3.390970000000001,4.211439116436139
0.7188928833991887,389.8540000000001,4.562000000000005,2.7937494781015104
0.4517146775364209,355.3980000000001,1.5687999999999995,4.219823011730867
0.464428394109408,193.22599999999997,-0.3710100000000005,4.611402322996287
0.3756132006301083,466.5190000000002,2.8228800000000014,4.913546518340516
0.0634202590324515,675.914,9.476420000000001,4.481022357814732
0.4877328348022016,225.22299999999998,0.5410999999999999,3.8433192385753845
0.8772420521905857,298.43000000000006,3.123920000000001,2.8132118817769207
0.257103891512294,450.58700000000016,2.0095,3.9925065118465657
0.3910365904508325,261.329,1.0566700000000002,4.217587405062979
0.42647795080912054,215.68400000000003,1.74327,4.85583916510155
0.6804911081590173,430.4890000000001,3.853900000000002,3.2607832654465616
0.09095035697875568,606.1680000000001,5.259300000000005,5.4653564124934615
0.7998235105353455,282.30300000000005,0.8892,4.39971668534781
0.14801906300068993,417.53000000000014,2.3070000000000004,5.508863871325598
0.3064852325528765,377.811,2.06287,5.244603198869946
0.3071277267339155,426.5170000000001,2.319,5.027394639716607
0.6474006557846348,160.22,1.34259,5.6690250569537435
0.5009255068560966,130.084,1.9492,3.899589538886099
0.3488858673907433,460.44600000000014,1.4719000000000002,4.369415438767609
0.24752984493281155,326.3310000000001,-2.694099999999996,3.8511551980846486
0.673747892533593,236.27100000000002,0.6527000000000004,2.9084756101146034
0.7196487221550145,325.4120000000001,2.855100000000001,2.1092378589350727
0.693697738917545,410.45100000000014,3.5149000000000026,4.4431471133197045
0.8070770400655463,352.3000000000001,2.0680799999999997,4.135733313174551
0.5597154925187401,456.97400000000016,3.803670000000002,3.591604696944379
0.34782138026478554,491.65600000000046,3.6767900000000022,4.78394215240092
0.7654889839409329,277.36800000000005,1.5802,4.18632539751544
0.3004294824500673,555.7410000000002,4.133490000000003,5.238237865263086
0.6436681505901135,282.34299999999996,2.8191000000000015,3.320826697355246
0.7948949972249941,190.242,3.054000000000001,1.9206546747609643
0.24808747759332395,354.36600000000004,3.525000000000002,4.860322625077495
0.2437822300977832,424.47200000000015,0.6612000000000005,3.5774548645794715
0.4405478053441822,398.269,3.3217000000000008,3.5164788346743476
0.2603097458548975,414.9120000000002,5.120100000000004,3.0755674856237896
0.9136242818230116,283.33,2.067,4.069075962974622
0.25454195611613784,347.39500000000004,4.570500000000002,2.7378535544063585
0.5341719605647292,313.869,4.389700000000004,2.0546697742783238
0.8076861497527699,349.4780000000001,4.4910200000000025,2.7176073609072855
0.8549147134932765,260.35699999999997,2.737590000000001,3.607793032062337
0.6822647650421231,302.42100000000005,0.9062000000000001,2.713461516706319
0.6359593879676677,332.4000000000001,1.3509000000000009,3.012918177657803
0.45311051434768573,393.52700000000016,5.118900000000005,3.7607261813717923
0.6340571969758962,473.4210000000001,5.326100000000004,3.7379077322799246
0.6994011747864632,248.33,0.32500000000000073,3.4386613868351574
0.6020737126706709,285.34700000000004,2.6350700000000007,4.622309070236602
0.9041219463267208,352.2210000000002,2.8922000000000008,2.856029863123961
0.3438976292842434,362.90200000000016,0.9095000000000008,3.187226084699587
0.42994156161246594,356.31100000000015,-4.187799999999995,4.8065315861601565
0.6540825864164284,321.323,3.4174000000000024,2.327251311435372
0.4894622070456067,330.4500000000001,1.2428999999999994,3.7302449417958154
0.1364516319370013,432.5450000000003,1.4490900000000007,4.822612292993561
0.7612670198212933,199.23099999999997,0.9510000000000001,2.318563919829284
0.34070084713730603,538.7360000000002,5.805800000000007,4.047222006178659
0.5537362429132836,397.445,2.769100000000001,5.1278789063327235
0.40227126454461326,362.45400000000006,4.900700000000003,3.851767951002122
0.4544038333699546,438.5280000000002,2.27768,5.796152511626706
0.7225461147874854,166.224,1.42704,2.4121732921770676
0.760973968274584,245.10500000000002,3.226280000000002,2.8524092914117958
0.6031799424129509,403.3320000000001,1.5674000000000003,3.383816696050757
0.1390681723676741,427.957,4.836700000000003,4.1319627237190275
0.20277235660776588,408.4350000000001,-0.007699999999998264,4.8954372428009565
0.9004494125221075,304.353,2.5146800000000002,4.172599215879414
0.5769944459376397,396.48100000000005,5.449600000000005,2.4159879984443027
0.48153964570385116,450.5390000000002,3.554820000000001,4.127850296893139
0.34292843494585656,460.55500000000023,6.052200000000005,4.1663184852005735
0.40353279658708285,490.6080000000002,4.376970000000004,4.345798303781025
0.26581988141335433,458.6320000000002,2.9486500000000007,3.602025401042175
0.1902686379035952,389.45600000000013,0.5959700000000008,4.090369232914058
0.9019920431987515,302.39300000000003,4.116300000000003,3.219522257952444
0.17126364326950083,503.01700000000034,2.9636000000000013,4.304212448254107
0.5694618346720862,425.89099999999996,5.626700000000004,2.1069748284941596
0.415161434513276,449.85400000000016,1.9567999999999999,5.425235775384957
0.48603056570763825,306.21799999999996,3.0509000000000013,2.957146055799619
0.42180385038391277,419.66000000000037,4.886000000000003,2.9113665190216373
0.5913078714001694,413.5810000000003,4.395500000000004,4.18126943520071
0.4605642992313314,408.87100000000015,0.6061799999999996,4.311899186603534
0.5121627823698451,303.318,0.8073999999999999,4.518157197336885
0.6726398774460812,291.31,3.3174800000000024,2.8470659052636815
0.7268637888133723,348.39900000000006,1.8230000000000002,3.361897197019884
0.5214971600176407,562.7210000000002,3.887380000000003,4.807617060701224
0.41791704508658084,381.43600000000015,1.0878999999999999,4.159604077120482
0.4996976220951874,494.6790000000003,3.159620000000002,3.7395115685077407
0.9230674457597051,330.331,2.5942000000000007,2.954061049494449
0.4048671845166936,491.03900000000027,4.488800000000003,5.144955402244236
0.28594360396540663,336.3640000000001,1.99228,5.134793351183039
0.08894470894450411,597.8530000000001,3.460270000000005,6.5327534205851325
0.5697647108221288,385.8950000000002,4.003800000000003,4.247339422608576
0.10424541835449073,486.68800000000033,5.360000000000005,4.628843045721188
0.12205486115401547,652.2770000000002,4.306910000000005,4.7795530202103915
0.4777001468573349,452.4320000000002,4.986700000000003,2.8633724041586692
0.5367077898274841,373.88800000000015,4.362320000000003,2.8625433356175076
0.1762554628375784,467.61800000000017,3.8239000000000027,4.411181005447639
0.457730019033083,421.3470000000001,5.270500000000004,2.9853374591925785
0.9207536405218251,324.827,3.6159000000000026,2.7392472922931024
0.6676419321463621,423.697,5.289380000000003,3.0995414894636593
0.26665531064797926,398.4160000000001,-1.2996799999999993,4.347360424814243
0.8101052682941136,342.5270000000001,4.203400000000003,4.174688922480616
0.8168242177862842,356.1650000000001,2.0444999999999993,2.330192520226582
0.466125274668053,408.4790000000001,3.9966700000000026,3.2617874002526204
0.6516540860551431,391.327,3.7184000000000026,2.9177448896445757
0.7483093764195253,430.4550000000002,3.1796000000000015,3.4918273449625516
0.40559291135616204,387.4400000000002,-1.1890999999999963,4.6150689707847246
0.711716834377447,212.7,2.870190000000002,4.29110327799983
0.1471375114628401,462.53700000000015,3.4579200000000014,3.51662222272129
0.3914504311288226,326.4690000000001,3.2795700000000014,5.598540499945031
0.6413065922443886,145.202,1.6407,2.8604282068256417
0.40460653113353917,303.34899999999993,2.9701000000000013,3.2121596886990087
0.8563703514664127,256.269,1.0437999999999998,2.895273413045274
0.7129524794944352,372.421,3.386700000000002,2.7876333356175067
0.27225555653950967,506.6660000000003,6.319900000000006,5.254893452403149
0.29789379255879395,499.66000000000025,5.213070000000005,6.726683152109823
0.1983387358558224,536.6980000000002,5.932400000000006,4.555251969925238
0.5839252696928852,414.92200000000014,3.4430000000000023,4.960853392317482
0.6332390339651252,258.301,0.9250599999999995,3.7338965717733386
0.44960654250975296,543.7570000000003,4.5161900000000035,6.439344687998935
0.7783779743166808,267.376,2.4731000000000005,4.577039109225777
0.3515543095676522,507.6500000000003,5.799380000000004,4.232064624919953
0.6199317904936409,291.28600000000006,1.0384000000000002,4.715057036179115
0.5285930018506937,409.5310000000003,1.7054599999999998,7.020189113772398
0.8038402076185306,370.90200000000004,2.750000000000001,3.7635586454622185
0.686680732214338,395.41500000000025,1.0899999999999999,4.96462012374098
0.6192447637319485,369.4550000000002,6.026900000000004,2.4688555476368386
0.3808611016202648,461.6100000000002,4.387700000000003,4.317601220275721
0.5099541513778143,405.86400000000003,5.889500000000004,3.893189744678624
0.29804765892361573,533.022,2.5226999999999995,4.663411947935911
0.44426497377932633,379.4390000000001,4.035770000000002,5.075504648039841
0.6286118120692258,445.35700000000026,4.659700000000004,2.8954135741619034
0.7177895907930809,415.39500000000015,5.479590000000006,3.754807938994685
0.37678538084799956,616.7400000000004,5.542900000000005,5.923456519463439
0.46549752044380693,387.45100000000014,2.3795,4.095957043856722
0.8812696368101472,296.3260000000001,3.1308000000000016,2.1450794011428016
0.6118496086316967,327.3400000000001,2.5534,5.364700130229497
0.135004434009643,520.6960000000003,2.187700000000002,3.795740402863329
0.4641779865374563,365.43600000000004,3.1949000000000014,4.256435541633119
0.32052750918020156,394.5190000000002,3.606670000000002,4.847788368227084
0.38071919915040114,343.40600000000006,1.6564000000000005,5.107358736707841
0.7712088538888799,391.4680000000002,1.86472,2.968248310306892
0.34101251425661644,577.1690000000004,5.205000000000005,5.332111969426256
0.13794316605658502,515.4270000000002,3.8538000000000032,4.670559396668051
0.7304406530391938,357.4290000000001,2.8855200000000005,5.678255742782064
0.44447715224774537,385.4310000000001,3.2202800000000016,4.508563273169576
0.8076414641606158,292.81000000000006,3.111200000000002,3.629614580816538
0.5304387894694305,385.5080000000001,4.437900000000003,4.735715186603534
0.6012118354834034,336.4350000000001,3.4396000000000013,2.5798993680447744
0.2500748597856261,511.6640000000005,0.666700000000005,3.7271952513020183
0.8957490727830203,340.448,3.3851000000000013,3.365813662173288
0.47696287132373266,326.33900000000006,1.8260699999999999,3.7939576908678463
0.6695736324579871,331.8070000000001,2.6492199999999997,2.7470101026441647
0.24740315412228592,478.57000000000016,4.375900000000002,3.0936320539614783
0.7386659308718924,358.4410000000001,4.686120000000003,2.716744916873264
0.6666983113344106,330.4760000000001,1.8341,4.580935310524936
0.18528690843053783,513.6600000000002,3.9288200000000018,4.613121266355512
0.7970586702551804,370.4400000000003,2.2122,3.4249502328321615
0.785577817012658,268.23799999999994,2.815500000000001,4.465130243761728
0.5378394493259965,452.55500000000023,2.3241999999999994,4.079553918006068
0.2907978521110149,390.4710000000001,2.683160000000001,4.406835963737329
0.823458732295768,339.3740000000001,1.9005999999999998,4.762642204250022
0.44675512431670994,303.2550000000001,2.850100000000001,3.1796841062621297
0.6585344190582727,420.90000000000003,3.7358800000000016,3.107147648396542
0.4039052102371399,346.4120000000001,2.258000000000001,3.2787321252569868
0.6659361587734415,326.186,3.954380000000003,4.558079529843089
0.1291402788403687,536.7240000000004,6.678600000000006,5.206426415476268
0.5864569804221792,472.91900000000015,5.835500000000004,3.735532496022879
0.1087949935944999,567.6490000000002,2.37348,4.3527927443606185
0.3488720894851757,465.3440000000002,6.177120000000004,3.5379451872119896
0.15041086296140743,321.3829999999999,5.507000000000003,4.375403900152448
0.7831272902334432,286.35300000000007,-0.20619999999999994,2.0438925332681084
0.33229537469514325,395.5070000000001,2.77888,4.781077817581331
0.5057130209919655,459.52900000000017,1.9490200000000002,5.986009670866581
0.06142178409833576,579.6980000000002,2.8412000000000015,6.376908306847197
0.45349063387745003,378.5200000000001,3.8345800000000017,3.7097915758213773
0.24618488043400058,411.4770000000002,4.006100000000003,5.323676209203166
0.22596626800501765,493.4890000000001,6.4172000000000065,2.2445136034381203
0.5260710895335797,480.01100000000014,6.3330000000000055,4.944725129414627
0.3575913784843461,480.05200000000025,5.798900000000006,4.81616917588101
0.45952953561643,500.9840000000002,4.5866900000000035,3.7529041256177997
0.8642525673874186,266.344,3.0280400000000016,2.1247587103711947
0.22339636899716972,418.5830000000001,3.9389500000000033,5.663371918060798
0.1361357862772107,608.6030000000003,3.028100000000001,4.245295420517305
0.19265738553648912,386.5020000000001,1.19709,4.638041426978558
0.5246441923024748,448.5420000000001,3.600100000000002,3.1637086884094634
0.21993815953556717,612.1270000000004,3.0587,4.583126041576433
0.5428172920322184,388.697,1.6322,3.3274972982196083
0.8769985731487439,308.46900000000005,4.460620000000004,2.105948957818839
0.11281788188016854,547.6560000000003,4.917300000000004,4.365565451060745
0.13883664909178353,371.3740000000001,3.4632000000000023,4.793902670336841
0.18213690170799382,554.6240000000004,0.05269000000000257,5.832961533058976
0.7948734381425546,309.37300000000005,1.9671999999999996,4.858114128708653
0.2188805023865048,499.6750000000003,5.304200000000005,4.353999725888331
0.6659719175522207,448.39800000000025,2.9762000000000013,2.4792215128442923
0.7499584331938721,304.302,2.1683,2.3907095110329113
0.9256798821452145,348.40599999999995,2.9662000000000006,4.416313483459942
0.07080003387690503,554.7540000000005,3.8920000000000035,4.631584663213259
0.7158220524787363,382.8130000000002,5.767300000000003,2.9894180073684673
0.5650009779418808,356.42200000000014,1.4425,5.282089848622717
0.20665182418276518,381.46000000000015,2.8144900000000006,4.02091745318886
0.7271854801671039,371.524,5.2839000000000045,5.558812853699246
0.3029243886256494,486.61300000000017,5.676890000000006,3.719188723170399
0.5073006974632692,450.5830000000002,3.8907000000000025,4.1838168667625375
0.8615639979801675,375.4710000000001,3.7418200000000024,3.260675186216881
0.4367917111309104,390.5090000000001,1.7258800000000003,3.7768783327547766
0.09520390852169842,520.6100000000002,3.592600000000002,4.9353082685754135
0.47174983383257313,356.86100000000005,1.5838999999999996,4.889342878524572
0.23054004745586867,480.6200000000002,1.4400700000000002,6.011041820235954
0.7875020389511129,356.416,4.938700000000004,6.021422106665153
0.1407694597821016,539.7090000000003,5.327800000000004,4.927238481314958
0.5999933609938977,383.4920000000002,3.031080000000001,6.236625154705437
0.7624059316147211,337.37900000000013,3.509400000000002,3.476634812891575
0.841367288857113,347.8670000000001,4.205020000000005,3.7975301811712985
0.2254920087129779,560.6830000000003,4.110010000000001,4.811329656213392
0.5075309731961037,378.88000000000005,3.4163900000000016,3.8801319959985783
0.8457393417973549,359.4510000000002,1.9946000000000002,4.841922198246303
0.6131571590135573,332.403,4.095600000000003,3.2381795818036183
0.8210225588956805,307.821,2.8920000000000012,3.4385097622708862
0.26209009945479317,489.5680000000001,5.212500000000004,4.554053772618624
0.37225907199675545,270.289,0.64778,4.014766980820066
0.2942473484341045,543.1330000000004,5.357000000000004,4.454039979662298
0.3745908143965025,351.76500000000004,2.993000000000001,2.930398360821247
0.06670654164447716,622.2290000000004,5.318800000000006,3.824623964644015
0.7212078579821491,378.44500000000016,1.6326799999999992,6.481575013900593
0.7649364608483119,362.45500000000015,2.1134999999999997,3.476619639024346
0.8123423187260246,382.7770000000001,4.593700000000003,4.266046021921481
0.37773438973045703,488.5480000000002,3.329600000000002,6.114510474690626
0.5641926460394996,362.47700000000015,3.054290000000002,3.893019966348648
0.6045663661885949,299.37800000000004,2.512900000000001,4.494050973832406
0.41163852436432047,517.6700000000004,4.5659000000000045,4.296677499344645
0.6259462522554883,375.8560000000001,2.5353000000000003,2.297416807550979
0.46895339523373614,542.6760000000004,2.7311900000000016,5.020998153598605
0.8060697916349872,371.8680000000003,3.478720000000002,3.017091235825408
0.7220146754993274,343.8500000000001,3.4203900000000025,3.5554790721810337
0.35583144054375904,358.5270000000001,0.011000000000003729,4.468043640370405
0.8718572566214128,313.316,3.062400000000001,2.347104935662932
0.7441808465367927,362.4730000000002,4.486500000000003,2.0365644233764826
0.37377009640873143,375.4290000000001,3.2890700000000015,3.082123483141216
0.6440997878057971,218.19299999999996,4.4258000000000015,2.430951195726994
0.42142369490792225,352.463,3.4228000000000023,3.5070985378652324
0.37602346859277935,365.3640000000001,3.9483000000000033,2.796290458879442
0.5080446532476981,359.4660000000002,3.9040000000000026,4.297318611383194
0.7266350329183257,316.3570000000001,2.0511,4.007338036001128
0.7784761697928833,192.302,3.330300000000002,2.7009994570272973
0.43146280429845507,570.1260000000003,4.2428900000000045,4.779253372600232
0.4834538237908025,268.316,3.511840000000002,3.215928982204625
0.2726471374760079,348.4210000000001,3.9848700000000017,3.0499758512100223
0.17514371946094875,439.3390000000002,4.251700000000002,3.7479664970541258
0.5758345065299145,451.55600000000027,2.09,4.978820452404799
0.49445821337431745,331.339,1.45467,3.6590396977151034
0.1953337509670565,425.57000000000016,3.109870000000001,3.84735089842349
0.917179440489602,305.76099999999997,3.638300000000002,1.8591166321661987
0.26045650523201214,351.32800000000003,3.243900000000002,3.2479903666114245
0.4222227298942657,341.41499999999996,1.0110000000000003,2.350121442027131
0.8047790489124997,429.51700000000017,3.3994000000000018,3.963436245012497
0.15744015383783722,490.5340000000003,0.20660000000000106,4.738085153786085
0.3793683089379635,417.51000000000005,2.6445000000000007,5.243377205627969
0.9182828087898124,355.8250000000001,2.2457200000000004,3.972209252150946
0.7912844057362661,357.43100000000004,4.955500000000003,3.5407785431339365
0.7059755906056154,395.5660000000002,5.176200000000004,3.2308251203638356
0.12753254482602158,467.47000000000014,4.712780000000003,5.558147471841286
0.5513919575193169,336.8620000000001,6.180100000000006,2.184187319040186
0.1161455504295851,495.0220000000002,7.159100000000006,2.482590200900166
0.8217412914800727,310.39700000000005,3.001800000000002,4.395435855640953
0.3192415667277876,473.5740000000001,1.4327000000000025,4.749991772034857
0.20155681919498258,557.6000000000004,2.3653000000000013,4.58431116966832
0.6419979927551761,338.8020000000001,3.8004200000000017,3.5197040127812276
0.15682392874629997,388.476,2.612800000000001,4.041979275431894
0.4097347256205277,485.6400000000003,4.287420000000004,4.575645531320797
0.1619125934488394,433.6400000000002,5.496900000000006,4.441039226270762
0.5884978286466028,412.5340000000002,3.391300000000002,5.064133676366464
0.7816361246872714,192.25799999999998,2.6112,1.5928427478543004
0.3070096133751682,480.5900000000003,2.7019,4.074594393318585
0.4135413773591357,444.3400000000001,2.3263,2.8540980772070412
0.7808785141712972,317.376,2.6473700000000004,4.986227926406375
0.40836820558087356,368.4800000000001,5.944100000000006,2.4018123523549715
0.3404245832966573,401.94100000000014,2.2069,3.1698998016014945
0.0751577380746402,612.0980000000003,4.295780000000003,3.814746930002533
0.3372847498658053,465.59600000000023,2.0705999999999993,5.017263899280504
0.9042791190390771,318.3080000000001,1.3453,3.2840677450018045
0.4784400012270317,367.533,5.200000000000005,2.5784414587928826
0.722158355906825,441.59700000000015,3.088820000000002,2.9449435048650585
0.6462944623434222,322.17100000000005,2.8989600000000015,3.7251539652597554
0.3493308317837783,482.6060000000003,3.0219000000000023,5.710684356181266
0.5071797268270013,121.611,1.1769,2.203131278831771
0.6285997796887819,296.73499999999996,1.99368,3.2142338547671203
0.4733447907571061,356.3470000000001,5.671820000000004,2.4516741880083597
0.21856699202650823,470.52600000000024,2.929400000000001,4.133301675617335
0.6323685052122215,437.8390000000002,3.456500000000002,3.266631806954292
0.20098249089579176,447.4250000000001,2.481,5.333029428699911
0.536260495702499,419.422,5.745400000000004,3.304947058408681
0.13399355744754438,487.00000000000034,5.429400000000005,3.2170633039614778
0.5484374064740003,404.41100000000006,4.4315200000000035,4.371329998412615
0.7417615718273645,395.8580000000001,3.995600000000003,3.188138951785721
0.393328378070372,686.6189999999998,5.5625200000000055,6.133531559413239
0.2885920264868863,423.5550000000002,2.411690000000001,3.924464921521225
0.4966816421784362,370.5610000000001,3.681790000000003,4.6347784683729385
0.413650384394173,215.68800000000002,0.8475000000000001,5.290645610873452
0.5925553673019938,382.4240000000001,1.2176000000000002,5.370533301885995
0.5867139214091863,444.98400000000015,4.447600000000002,2.3544273160402547
0.5089250778390366,346.45600000000024,2.474000000000001,3.2427833665481733
0.7111355214238131,399.5110000000001,3.4858100000000025,3.390135376774092
0.6815327643781259,241.25599999999997,4.685900000000002,3.1984888404330274
0.11413919853292256,519.5530000000002,3.900800000000002,3.9468941061023726
0.43647743342063144,363.31100000000004,2.3851000000000013,2.988703854607314
0.13248467480031742,590.7539999999998,1.771680000000001,5.7648731020008706
0.5829938088170596,310.353,2.265800000000001,2.5330896970400456
0.39981945500112953,433.8620000000002,5.356900000000005,2.454421565846971
0.3813150512758567,430.4600000000002,4.0885000000000025,3.2096622773896826
0.4009610189512654,445.4780000000002,3.687700000000002,3.772467806085121
0.9017235241266102,318.3980000000001,1.8808400000000003,1.8510856648790632
0.39139364323177533,483.6290000000002,4.780770000000004,6.025595538456518
0.7555249616269283,345.39500000000015,1.8545000000000003,3.781038599734817
0.2688710981731661,572.7660000000002,7.267390000000009,3.885510233948396
0.30223581938777877,486.50000000000017,2.836400000000001,3.869510349921754
0.28487520343131284,461.5610000000003,6.660820000000006,3.0583774291259616
0.5837890271145578,330.37900000000013,3.7078900000000026,4.01664537717182
0.49241764097025553,324.5080000000001,6.961500000000007,3.2296014857691056
0.16689911127015652,275.356,0.9139700000000002,3.2482973338529764
0.14397237828164333,534.7300000000004,2.5500000000000034,3.551255704472849
0.5098160217887241,402.8130000000001,2.5054000000000007,3.77351792327433
0.8953901407968066,353.26099999999997,3.4746900000000016,2.8528378223547524
0.9274782519058768,342.4240000000001,2.3713200000000008,3.2945350664334576
0.2514686870114269,399.4470000000001,2.612300000000001,4.800108830771075
0.42219711434838236,533.7170000000002,3.7996000000000025,4.079351130622674
0.07158828582704076,749.8020000000001,4.417900000000002,4.315235207729494
0.2839685646796958,609.2700000000001,6.007800000000007,3.210659344598149
0.5393700902530099,403.4680000000001,0.9545000000000006,3.8475462533619638
0.5238154331923078,468.62300000000033,3.985700000000003,4.390034246722118
0.3443850151208673,316.36500000000007,1.5505699999999998,4.007395968893192
0.4885084887740906,403.49400000000014,1.37866,6.449803721835807
0.19979163614864365,516.5580000000003,2.65794,3.058407118323794
0.7257817189861582,370.45200000000006,5.025100000000004,3.2542110500180677
0.708217485496836,266.29999999999995,2.3722000000000003,3.431667672676843
0.8407071351070616,289.718,3.0072200000000002,2.627695096090738
0.7108135784631369,418.5610000000002,4.838790000000005,6.6120425568223595
0.8836305731964148,322.38300000000004,4.324100000000003,3.7126094207430764
0.534745439325394,400.4580000000002,3.495420000000002,3.5191204562304197
0.2869153638935875,479.45900000000023,1.80308,4.6539003483375865
0.09040990575566829,517.5170000000003,2.03268,3.6629548014333517
0.5283892534785993,428.4880000000001,4.287480000000003,3.465735129892222
0.15126483870187934,588.2429999999999,5.271800000000004,5.424711317505316
0.10687229192383144,552.7400000000004,6.349600000000006,4.7347461421174035
0.4703874652372449,379.39700000000016,2.6555800000000005,3.1193899618380208
0.5684816312149376,368.44100000000014,0.07932000000000106,3.4791668870083914
0.8683450946972661,374.4910000000001,3.5538000000000025,4.030813028656131
0.24024793573424844,520.6330000000003,5.067220000000005,3.731472231540107
0.7679563453318276,250.30100000000002,-0.2945,1.7735165507565789
0.7172094415827386,366.38300000000004,5.894600000000004,2.353625155769185
0.5842147070507445,374.3290000000002,-1.891319999999997,3.439207990202462
0.6653962887379463,409.55500000000006,4.296600000000003,6.0769246002571355
0.7580445095473995,430.5260000000003,2.4913,2.1868655446745304
0.5444527661906332,339.4630000000001,3.141000000000001,2.9390958732297303
0.4784860968289643,361.4050000000001,3.146370000000001,2.4512980266153495
0.14381640783629282,597.8440000000004,9.3926,4.876465896312049
0.141498490479692,637.7370000000003,4.734500000000003,4.1031283279877115
0.13531251885473575,603.6570000000002,3.750700000000002,3.9563376803177928
0.7799326703613927,356.5100000000002,3.7172000000000027,2.888922022975221
0.7817491587430644,294.70000000000005,4.546300000000003,1.9636181742937477
0.676030062747139,355.5000000000001,2.4868000000000006,2.988757413370916
0.7721121166508544,215.23199999999997,-0.14550000000000018,2.940377700113844
0.6058461938481577,420.5170000000003,3.086070000000002,3.924397508787491
0.6373618016948284,322.3570000000001,1.5702999999999998,3.878407679058027
0.09037311460644959,560.5630000000003,2.5836700000000006,4.7323842729411325
0.330967725515807,371.5060000000001,2.928400000000001,5.553436047102793
0.28203598712974515,470.6170000000001,5.519900000000005,3.91423266342432
0.6494799298306257,346.45200000000017,2.6347000000000005,3.2845707773203987
0.44919838142438645,401.5280000000003,4.671000000000004,4.506238820710227
0.6764701109226279,417.5310000000001,2.5541,6.515160157297736
0.5562161650587083,506.01800000000026,4.844000000000004,4.309147969010391
0.43009615049897426,516.0560000000003,7.189600000000006,6.010299077955771
0.5565949650452972,307.41900000000004,-0.03459999999999802,3.9516779910862763
0.5305359721978476,381.49700000000024,5.000000000000004,3.9460317067260453
0.6470786983431107,419.45100000000014,3.4591800000000017,5.951109829972686
0.722081051742703,468.5830000000003,1.5008800000000002,3.226885816722337
0.7461998282828024,395.4780000000002,5.019500000000004,3.9441200524905327
0.2536795088026415,418.5140000000001,2.6937700000000007,4.068499430111584
0.713888865178409,353.4010000000001,1.8773199999999999,3.8584440988445587
0.6005963387717222,361.64200000000005,3.571600000000002,3.507075276567206
0.5330779246628513,421.4980000000002,0.9342999999999992,4.936703521146059
0.6399029290588363,280.715,2.1248,3.4293726240229754
0.6353733737870255,351.4250000000001,3.5126700000000026,4.100372765229348
0.2382555050716758,456.6340000000002,7.0117000000000065,2.583247200572293
0.5837193873641735,459.50600000000014,3.3888000000000016,5.710271575929788
0.6498977573215234,439.89700000000016,5.723100000000004,5.337797872293406
0.6180315851307681,283.43499999999995,4.837260000000005,7.4619814275967755
0.7425084911985302,353.47,2.12147,5.74668070101357
0.7628818685664752,350.4640000000001,1.8736899999999996,4.667097769358147
0.6502229321147076,425.8720000000002,1.6544,5.41522962512636
0.7001347310084423,413.4320000000002,2.797370000000001,6.683890985505664
0.47875625023477036,516.2540000000001,5.122690000000003,4.948996519049382
0.5879856050849466,249.42299999999997,4.668240000000004,4.26060426814453
0.19634494347189455,448.3470000000002,2.70062,3.82045985235497
0.38191429049363873,512.6720000000001,4.934120000000004,3.065811539303092
0.43328551557108785,244.24999999999997,2.2663,2.644395516489652
0.6980231086162715,369.42100000000016,2.3781,3.1832727074001514
0.2826895982519267,367.4510000000001,0.695590000000001,5.552460894498877
0.7502002999859008,416.5210000000002,0.18680000000000146,3.3428918019881495
0.7203503785835692,388.41400000000016,4.530300000000003,4.52028035542499
0.4261843850801398,482.5620000000003,2.809920000000001,4.244381048350647
0.6771613328466349,357.4790000000001,2.8038000000000016,2.6656839284843343
0.7662327034712397,215.29599999999996,2.6161000000000003,2.6070130907329467
0.7371235024139399,337.3490000000001,2.0233,4.092765973417539
0.6724384186846454,464.6060000000003,4.170400000000003,3.822933785261908
0.6862369680312141,463.55800000000033,4.4067900000000035,4.478761629968377
0.5585604585821702,349.822,3.1178000000000017,5.457903042735801
0.8896972403170853,287.78999999999996,4.306820000000003,2.1490040545007503
0.6724413903087274,402.45400000000006,3.4307000000000016,3.712555730350923
0.631469120692482,356.3760000000001,2.8098,5.416032485151136
0.1998558117311845,450.48600000000005,3.504970000000002,3.4172727554807523
0.21588792025103848,434.47500000000014,0.06450000000000067,4.828169083124203
0.6245221382391324,453.94900000000024,5.524600000000005,2.9316281303558025
0.49080746121311825,397.85800000000006,3.937000000000003,2.7018851717950394
0.3807297864260429,359.4700000000002,2.8444000000000016,3.75829074023134
0.35821062632399275,329.4040000000001,2.9532000000000016,4.39948202875553
0.4988915554869927,415.5450000000003,3.6704000000000017,2.9480450688361373
0.48842166931057984,341.81600000000003,2.2594000000000003,3.9336959241273357
0.28341872855608885,385.4010000000001,2.5129200000000003,5.280422169763916
0.279120566677686,546.6320000000004,0.4736000000000039,6.579388081731541
0.7409458192423789,237.275,1.85561,3.4852221611211185
0.6044813197036142,458.49400000000026,2.12239,4.721827093739145
0.699508068779216,491.4300000000001,2.9045000000000014,4.935719070206628
0.5558004121211401,413.95500000000015,5.517000000000005,4.5930691207585275
0.4582161281243269,400.39100000000013,0.5905999999999995,4.276475401789726
0.39730781690276296,424.63600000000014,3.1927200000000013,4.487915878739916
0.4226175236582367,438.8700000000002,4.515190000000002,2.8354175497562437
0.5948414014545639,378.5380000000001,3.960980000000002,5.662048486939891
0.8591113736815567,296.37000000000006,3.4030000000000005,2.4301497308131292
0.802277133926317,387.8710000000001,2.5236800000000006,3.469020764332825
0.5310032119129583,429.5360000000002,2.975600000000001,3.7118365814901004
0.8955379621033457,324.4260000000002,1.72167,4.356952630029193
0.4119671166571832,503.4740000000003,4.6737800000000025,3.570488762866563
0.7948204753432154,316.40100000000007,3.550200000000002,3.57604683146361
0.6428880961406174,401.6350000000002,5.854060000000006,6.7083001231890025
0.2880825982824902,389.52500000000015,2.6124,4.233936077749507
0.5253153125644742,373.45600000000024,3.9242000000000017,2.66578315441876
0.5799837348821056,349.343,0.7781000000000003,3.053053968955904
0.4965982590593627,386.213,2.3359900000000007,3.025326784402427
0.34594521054794786,445.55900000000037,3.459690000000003,4.9735487503939195
0.8248407292441526,334.826,3.8480000000000025,3.286513366544442
0.8955193810528851,341.45500000000015,2.5839000000000008,3.1169966147883095
0.2961200399864466,535.6450000000002,4.055270000000003,4.778373547333353
0.7998015916352355,341.77700000000004,4.616000000000003,3.818419359072273
0.2618326149608731,582.1659999999999,6.140300000000006,2.8897318478218796
0.26373317254287243,582.788,5.991700000000006,3.2567108274356507
0.6400077661511301,458.4840000000002,4.662120000000003,3.0832171323546422
0.9272163523664898,302.7570000000001,4.124900000000002,3.4008254038838377
0.7985162835900985,292.37300000000005,4.169700000000003,4.81448401211367
0.49960184776127725,388.46800000000013,2.8468000000000018,4.729958301885995
0.5134145683247028,383.48100000000005,2.9842000000000004,6.315243721604644
0.5392036271227554,355.869,4.323700000000003,3.809851236176643
0.5383797308074234,360.4140000000001,2.3493000000000004,4.2819875505806255
0.43838050029421066,484.56000000000034,3.785000000000003,3.5726252413314334
0.8006020871238577,335.7510000000001,1.9263,2.423025590281526
0.7675965234366545,222.273,1.0325,3.778706545377343
0.4146201482092722,386.94500000000016,4.197900000000002,3.635322438964133
0.6645064453362138,270.35699999999997,2.833800000000001,1.6841233024988753
0.5898158268189603,444.94000000000017,4.780940000000004,4.004767510897368
0.49022417780874344,536.7470000000003,5.571890000000006,5.774828105531967
0.5581130564100338,363.4070000000001,4.437400000000004,2.095146080181216
0.39255341222320017,396.6150000000001,6.683340000000007,6.670224124888722
0.21204509874512842,392.5450000000002,4.329690000000004,5.112694076574323
0.2622288475164076,472.54500000000024,3.621500000000001,3.6743119302683835
0.3064848019307433,439.6030000000001,2.3232,4.510806933355545
0.25246254332989604,379.53400000000005,4.121960000000002,4.076748984499444
0.7260563959474599,398.46400000000017,2.3128900000000003,4.813646825713354
0.28884141014697473,338.26000000000005,-0.06422999999999995,4.506125776585499
0.9071248704280468,320.751,3.3675000000000015,1.800953622003906
0.6962862716451533,300.312,-0.3079100000000005,3.7620115187095715
0.49399669725522644,315.18,0.9496799999999997,5.137847989235313
0.7690623196783809,275.43600000000004,3.3379600000000025,6.703271470728387
0.8070000781353727,403.4030000000001,3.0452000000000012,3.7119204664672143
0.5385669929789229,557.047,2.6674999999999995,3.7839504249063722
0.19902271147132353,299.37899999999996,2.19118,7.112918440663113
0.8292560446187761,328.82400000000007,4.6638800000000025,3.88527258195227
0.3693424324052287,473.3990000000001,6.847190000000006,2.9242690889819354
0.20803806787645215,509.7380000000004,5.932900000000006,4.72102282077092
0.6158150814390246,347.4990000000002,3.929300000000003,3.0340541115208337
0.5739713632061846,403.5670000000002,3.863500000000002,3.9286886597251076
0.8102429240469966,297.35400000000004,2.456700000000001,2.9808909442351474
0.6695955059347666,486.67900000000014,4.733490000000004,5.211384749942697
0.8881411073383979,352.423,2.59412,4.784879205622488
0.1794016568089428,462.5700000000003,2.4395900000000004,4.871971554301931
0.5418125796441686,404.60200000000015,4.446500000000003,5.058252255357097
0.35153024192172677,488.5350000000002,5.626800000000005,3.7903327210346838
0.10380244745914667,645.1240000000003,2.4376000000000007,3.869917476771409
0.18194219056679928,531.5840000000003,4.872280000000004,4.5152852167200646
0.18467238333545574,371.39300000000014,0.9574799999999997,2.7766446431567022
0.7102669297186899,243.30599999999995,2.789900000000001,2.9488784437433946
0.4854127389986799,476.4360000000001,6.200860000000006,6.656261384100099
0.44856382452054616,418.41500000000025,3.947300000000003,2.592011395375554
0.2564187824316763,335.245,4.006100000000003,3.3029619492375923
0.8212980761631222,304.4140000000001,2.67279,2.9547382455242257
0.45271508799614607,434.56100000000015,4.8513000000000055,4.23582897731896
0.2861278386670647,206.24900000000002,0.35674000000000006,4.1491135034193025
0.3904983707318489,457.55000000000007,3.8351000000000024,5.01190070605844
0.4190413097508219,422.5510000000004,0.8991000000000018,4.461150898423491
0.51565310793797,489.5510000000002,3.155100000000001,6.407779373810592
0.6452366614410895,399.4360000000001,0.8725999999999998,5.3056882563257854
0.39579976110994475,488.6960000000004,6.048590000000006,5.662072146115218
0.6594165384094901,492.5960000000001,3.856200000000002,5.19033996658059
0.7164033498036008,407.4700000000001,2.533900000000001,6.222674159167702
0.552876927910866,393.4240000000001,3.038100000000001,2.252943085071621
0.7386162562334069,451.52000000000015,3.6648000000000014,4.911912544833813
0.73007910804141,417.4930000000001,2.226519999999999,4.0610810752210575
0.4725814546509774,487.53500000000014,4.612780000000004,4.769696282976229
0.702293375365443,328.4120000000001,2.775780000000001,4.32348847794575
0.5740105538716836,350.84900000000005,6.267840000000004,1.7506707378017765
0.3072380504459215,379.48200000000014,2.2251000000000003,3.970808335617507
0.20290609688891298,374.4700000000001,1.9696999999999998,4.45609250316229
0.6989522840553695,251.373,4.700400000000005,4.840957142649005
0.5609581470094915,501.5830000000003,3.257320000000001,4.375249445150897
0.31678587242997713,476.5610000000002,5.474680000000004,2.6054095379024496
0.8917556348488374,297.354,2.9632000000000014,2.747930808776619
0.6785067293520433,376.45600000000013,4.198400000000003,3.480750148212959
0.599808663960433,396.50900000000024,1.8147,3.9932308546197284
0.32477325617463576,403.5300000000002,4.072770000000003,4.556349266545835
0.2888431045457912,540.0200000000004,2.283569999999999,3.8833747422930562
0.6390712176114339,372.63500000000005,4.0763000000000025,2.976217192328672
0.6897583497209825,244.378,4.861700000000004,3.1352153294904586
0.8166720421926891,312.33299999999997,0.10090000000000005,3.753021489128553
0.491729606967127,472.7700000000002,4.651200000000003,2.145164087415571
0.9271450491136277,299.326,2.874900000000001,3.877252408488383
0.28543591752039527,449.38300000000015,4.3423700000000025,4.469291258438201
0.3775492944285883,426.44100000000014,3.428300000000002,4.806017058273362
0.7937612394949105,371.82000000000005,3.6777000000000024,4.715591991362997
0.7862220044533177,321.23800000000006,3.9354900000000033,4.195030749698899
